ids,labels
0,49
1,33
2,30
3,91
4,23
5,18
6,89
7,74
8,71
9,57
10,40
11,91
12,81
13,69
14,40
15,43
16,92
17,97
18,70
19,53
20,70
21,49
22,75
23,37
24,21
25,16
26,39
27,8
28,8
29,11
30,20
31,61
32,41
33,73
34,96
35,44
36,45
37,35
38,25
39,37
40,31
41,3
42,49
43,30
44,56
45,22
46,62
47,16
48,51
49,89
50,4
51,6
52,9
53,10
54,2
55,32
56,71
57,52
58,42
59,30
60,77
61,32
62,81
63,33
64,62
65,26
66,42
67,54
68,63
69,92
70,8
71,89
72,61
73,51
74,67
75,11
76,82
77,10
78,77
79,40
80,23
81,77
82,54
83,7
84,29
85,13
86,99
87,59
88,54
89,73
90,22
91,18
92,63
93,21
94,13
95,4
96,93
97,42
98,17
99,5
100,26
101,53
102,17
103,39
104,77
105,69
106,76
107,17
108,57
109,76
110,25
111,20
112,44
113,0
114,9
115,71
116,8
117,43
118,0
119,79
120,90
121,2
122,38
123,62
124,33
125,94
126,3
127,42
128,70
129,35
130,20
131,16
132,32
133,63
134,51
135,29
136,60
137,97
138,52
139,23
140,50
141,11
142,52
143,55
144,24
145,95
146,87
147,39
148,51
149,58
150,89
151,65
152,97
153,49
154,45
155,66
156,85
157,20
158,24
159,42
160,36
161,81
162,40
163,0
164,75
165,52
166,54
167,50
168,78
169,61
170,9
171,45
172,27
173,14
174,95
175,53
176,7
177,73
178,18
179,40
180,31
181,66
182,22
183,80
184,16
185,32
186,84
187,95
188,84
189,83
190,13
191,7
192,32
193,13
194,94
195,24
196,89
197,42
198,7
199,87
200,6
201,27
202,68
203,60
204,6
205,39
206,44
207,31
208,80
209,63
210,30
211,98
212,49
213,90
214,97
215,47
216,53
217,95
218,83
219,81
220,94
221,68
222,40
223,80
224,76
225,77
226,0
227,76
228,18
229,71
230,90
231,57
232,59
233,24
234,65
235,78
236,4
237,34
238,82
239,31
240,23
241,24
242,34
243,75
244,98
245,53
246,80
247,27
248,4
249,39
250,91
251,16
252,50
253,68
254,50
255,66
256,8
257,72
258,50
259,88
260,80
261,76
262,58
263,55
264,19
265,28
266,87
267,6
268,57
269,1
270,99
271,91
272,59
273,57
274,42
275,40
276,67
277,32
278,69
279,62
280,78
281,84
282,28
283,85
284,73
285,79
286,79
287,75
288,42
289,92
290,63
291,38
292,87
293,27
294,96
295,12
296,16
297,50
298,15
299,48
300,96
301,69
302,28
303,57
304,95
305,77
306,76
307,31
308,79
309,28
310,51
311,18
312,41
313,42
314,80
315,32
316,4
317,15
318,77
319,8
320,81
321,89
322,10
323,67
324,90
325,57
326,54
327,92
328,94
329,29
330,87
331,36
332,76
333,83
334,65
335,60
336,67
337,91
338,97
339,73
340,76
341,0
342,68
343,62
344,99
345,97
346,21
347,24
348,87
349,22
350,68
351,88
352,13
353,13
354,48
355,40
356,96
357,14
358,35
359,32
360,67
361,39
362,60
363,94
364,63
365,61
366,26
367,54
368,37
369,31
370,89
371,33
372,28
373,29
374,5
375,39
376,7
377,0
378,94
379,35
380,54
381,6
382,41
383,80
384,69
385,4
386,29
387,76
388,85
389,61
390,28
391,57
392,72
393,49
394,50
395,27
396,15
397,68
398,52
399,87
400,40
401,72
402,36
403,25
404,29
405,57
406,95
407,9
408,40
409,8
410,40
411,34
412,71
413,80
414,46
415,66
416,65
417,89
418,62
419,42
420,21
421,81
422,80
423,96
424,60
425,78
426,55
427,61
428,4
429,21
430,79
431,9
432,69
433,75
434,8
435,19
436,19
437,67
438,22
439,77
440,16
441,84
442,90
443,85
444,6
445,85
446,38
447,7
448,77
449,58
450,10
451,9
452,58
453,18
454,36
455,86
456,80
457,77
458,44
459,94
460,81
461,87
462,76
463,87
464,83
465,27
466,47
467,49
468,6
469,0
470,79
471,27
472,77
473,99
474,93
475,54
476,91
477,42
478,55
479,5
480,37
481,75
482,32
483,91
484,0
485,67
486,79
487,87
488,76
489,63
490,43
491,40
492,49
493,80
494,74
495,99
496,77
497,74
498,89
499,71
500,66
501,67
502,90
503,16
504,64
505,41
506,31
507,58
508,47
509,93
510,68
511,98
512,36
513,73
514,54
515,53
516,67
517,36
518,83
519,70
520,64
521,46
522,80
523,65
524,62
525,5
526,73
527,88
528,39
529,18
530,19
531,63
532,8
533,94
534,2
535,18
536,76
537,85
538,99
539,70
540,43
541,18
542,2
543,63
544,73
545,93
546,81
547,54
548,60
549,7
550,96
551,11
552,95
553,19
554,8
555,42
556,62
557,56
558,77
559,47
560,64
561,43
562,20
563,1
564,3
565,49
566,51
567,45
568,45
569,37
570,36
571,68
572,8
573,2
574,21
575,12
576,51
577,38
578,58
579,67
580,77
581,87
582,82
583,16
584,0
585,41
586,92
587,33
588,24
589,98
590,27
591,81
592,91
593,56
594,9
595,24
596,34
597,73
598,1
599,39
600,75
601,55
602,57
603,86
604,93
605,84
606,66
607,4
608,64
609,42
610,11
611,57
612,13
613,16
614,0
615,14
616,97
617,83
618,61
619,58
620,17
621,39
622,76
623,0
624,17
625,14
626,48
627,34
628,93
629,82
630,75
631,96
632,97
633,34
634,70
635,60
636,61
637,32
638,57
639,84
640,37
641,40
642,85
643,86
644,8
645,82
646,12
647,94
648,74
649,87
650,97
651,88
652,17
653,66
654,19
655,0
656,79
657,25
658,56
659,32
660,24
661,8
662,94
663,80
664,94
665,82
666,17
667,63
668,84
669,75
670,30
671,39
672,83
673,63
674,77
675,28
676,55
677,91
678,77
679,68
680,14
681,14
682,91
683,0
684,97
685,45
686,18
687,21
688,95
689,27
690,76
691,88
692,86
693,92
694,74
695,10
696,4
697,20
698,73
699,7
700,7
701,80
702,97
703,73
704,38
705,88
706,37
707,25
708,78
709,12
710,74
711,87
712,97
713,69
714,82
715,57
716,74
717,19
718,96
719,57
720,64
721,76
722,60
723,5
724,46
725,73
726,61
727,51
728,62
729,21
730,22
731,79
732,90
733,90
734,94
735,42
736,69
737,19
738,83
739,77
740,10
741,57
742,15
743,22
744,61
745,41
746,88
747,83
748,2
749,82
750,27
751,9
752,48
753,11
754,4
755,71
756,84
757,15
758,67
759,24
760,41
761,94
762,33
763,60
764,2
765,80
766,13
767,12
768,54
769,19
770,76
771,39
772,95
773,24
774,7
775,64
776,54
777,88
778,81
779,0
780,12
781,72
782,6
783,29
784,87
785,60
786,61
787,27
788,82
789,14
790,48
791,66
792,3
793,57
794,86
795,1
796,81
797,87
798,92
799,27
800,57
801,23
802,35
803,58
804,99
805,78
806,86
807,53
808,37
809,43
810,57
811,17
812,26
813,52
814,80
815,93
816,14
817,36
818,1
819,7
820,81
821,77
822,13
823,69
824,69
825,54
826,83
827,5
828,36
829,40
830,11
831,53
832,27
833,31
834,26
835,40
836,76
837,71
838,76
839,39
840,84
841,47
842,98
843,19
844,59
845,4
846,72
847,21
848,0
849,21
850,98
851,6
852,34
853,23
854,65
855,1
856,55
857,1
858,24
859,2
860,55
861,60
862,16
863,33
864,9
865,40
866,35
867,68
868,24
869,47
870,40
871,89
872,31
873,53
874,1
875,88
876,41
877,2
878,54
879,36
880,86
881,29
882,76
883,6
884,92
885,26
886,99
887,2
888,3
889,69
890,5
891,18
892,81
893,93
894,52
895,81
896,99
897,51
898,12
899,27
900,27
901,85
902,15
903,40
904,96
905,99
906,87
907,28
908,99
909,42
910,27
911,39
912,8
913,56
914,52
915,64
916,98
917,77
918,78
919,3
920,51
921,89
922,37
923,48
924,52
925,33
926,34
927,96
928,83
929,96
930,2
931,71
932,86
933,68
934,22
935,23
936,18
937,32
938,54
939,97
940,71
941,54
942,70
943,56
944,23
945,42
946,12
947,14
948,86
949,47
950,96
951,61
952,42
953,51
954,10
955,84
956,71
957,13
958,30
959,34
960,74
961,47
962,55
963,34
964,6
965,49
966,95
967,96
968,53
969,34
970,60
971,74
972,10
973,24
974,16
975,69
976,89
977,90
978,92
979,84
980,77
981,43
982,43
983,99
984,37
985,27
986,97
987,64
988,84
989,21
990,12
991,33
992,15
993,37
994,45
995,45
996,34
997,12
998,53
999,91
1000,65
1001,23
1002,94
1003,40
1004,55
1005,5
1006,86
1007,91
1008,95
1009,1
1010,25
1011,71
1012,50
1013,29
1014,0
1015,9
1016,37
1017,64
1018,43
1019,90
1020,27
1021,52
1022,34
1023,48
1024,71
1025,81
1026,64
1027,0
1028,21
1029,41
1030,43
1031,48
1032,26
1033,75
1034,37
1035,38
1036,81
1037,73
1038,95
1039,99
1040,75
1041,61
1042,53
1043,8
1044,6
1045,9
1046,79
1047,94
1048,78
1049,1
1050,86
1051,12
1052,77
1053,93
1054,20
1055,55
1056,81
1057,27
1058,96
1059,55
1060,19
1061,88
1062,57
1063,71
1064,49
1065,36
1066,23
1067,80
1068,27
1069,15
1070,41
1071,55
1072,6
1073,20
1074,49
1075,95
1076,20
1077,96
1078,7
1079,15
1080,7
1081,89
1082,1
1083,90
1084,45
1085,15
1086,23
1087,73
1088,59
1089,52
1090,80
1091,99
1092,74
1093,93
1094,89
1095,99
1096,48
1097,53
1098,40
1099,68
1100,55
1101,97
1102,80
1103,63
1104,76
1105,59
1106,54
1107,60
1108,33
1109,49
1110,1
1111,18
1112,44
1113,69
1114,98
1115,62
1116,16
1117,53
1118,40
1119,25
1120,31
1121,94
1122,82
1123,64
1124,15
1125,93
1126,97
1127,61
1128,81
1129,69
1130,9
1131,68
1132,96
1133,89
1134,82
1135,9
1136,0
1137,53
1138,1
1139,74
1140,18
1141,76
1142,20
1143,89
1144,52
1145,13
1146,2
1147,32
1148,37
1149,74
1150,86
1151,19
1152,35
1153,49
1154,66
1155,58
1156,91
1157,92
1158,52
1159,10
1160,48
1161,96
1162,84
1163,25
1164,67
1165,77
1166,95
1167,24
1168,46
1169,46
1170,31
1171,57
1172,10
1173,2
1174,59
1175,51
1176,4
1177,79
1178,60
1179,66
1180,23
1181,89
1182,6
1183,72
1184,15
1185,30
1186,63
1187,17
1188,37
1189,38
1190,66
1191,99
1192,66
1193,53
1194,12
1195,93
1196,78
1197,66
1198,47
1199,21
1200,4
1201,77
1202,4
1203,22
1204,54
1205,76
1206,5
1207,29
1208,86
1209,7
1210,41
1211,7
1212,12
1213,60
1214,26
1215,88
1216,31
1217,19
1218,48
1219,61
1220,37
1221,69
1222,77
1223,60
1224,43
1225,92
1226,31
1227,34
1228,36
1229,30
1230,80
1231,82
1232,88
1233,7
1234,38
1235,93
1236,70
1237,47
1238,2
1239,45
1240,44
1241,90
1242,17
1243,24
1244,24
1245,6
1246,40
1247,76
1248,43
1249,40
1250,98
1251,96
1252,74
1253,11
1254,88
1255,54
1256,29
1257,79
1258,70
1259,46
1260,89
1261,89
1262,67
1263,29
1264,39
1265,53
1266,74
1267,77
1268,59
1269,84
1270,98
1271,13
1272,13
1273,51
1274,25
1275,72
1276,33
1277,48
1278,92
1279,93
1280,15
1281,31
1282,37
1283,80
1284,81
1285,67
1286,41
1287,8
1288,39
1289,41
1290,7
1291,49
1292,59
1293,68
1294,2
1295,22
1296,17
1297,65
1298,90
1299,47
1300,31
1301,34
1302,19
1303,45
1304,0
1305,63
1306,18
1307,49
1308,0
1309,18
1310,53
1311,15
1312,78
1313,78
1314,5
1315,35
1316,14
1317,70
1318,9
1319,9
1320,34
1321,48
1322,71
1323,87
1324,42
1325,88
1326,91
1327,58
1328,31
1329,81
1330,1
1331,5
1332,77
1333,5
1334,15
1335,47
1336,61
1337,63
1338,61
1339,28
1340,87
1341,20
1342,88
1343,65
1344,53
1345,42
1346,59
1347,78
1348,35
1349,43
1350,6
1351,98
1352,56
1353,87
1354,23
1355,68
1356,84
1357,52
1358,17
1359,65
1360,47
1361,12
1362,94
1363,16
1364,76
1365,91
1366,55
1367,39
1368,18
1369,47
1370,51
1371,98
1372,19
1373,0
1374,43
1375,50
1376,43
1377,73
1378,91
1379,27
1380,53
1381,25
1382,84
1383,46
1384,86
1385,29
1386,89
1387,33
1388,80
1389,20
1390,5
1391,41
1392,25
1393,23
1394,68
1395,52
1396,81
1397,43
1398,48
1399,11
1400,74
1401,92
1402,22
1403,80
1404,48
1405,80
1406,25
1407,50
1408,89
1409,88
1410,78
1411,80
1412,76
1413,25
1414,95
1415,94
1416,83
1417,52
1418,84
1419,16
1420,99
1421,68
1422,28
1423,15
1424,47
1425,34
1426,0
1427,85
1428,10
1429,46
1430,86
1431,97
1432,77
1433,43
1434,20
1435,87
1436,91
1437,76
1438,9
1439,15
1440,31
1441,57
1442,8
1443,93
1444,98
1445,13
1446,44
1447,24
1448,28
1449,66
1450,21
1451,56
1452,74
1453,8
1454,51
1455,27
1456,62
1457,53
1458,17
1459,28
1460,61
1461,98
1462,65
1463,45
1464,13
1465,71
1466,95
1467,66
1468,46
1469,8
1470,94
1471,5
1472,70
1473,54
1474,56
1475,86
1476,3
1477,49
1478,13
1479,98
1480,24
1481,91
1482,65
1483,45
1484,1
1485,53
1486,40
1487,9
1488,87
1489,8
1490,72
1491,58
1492,78
1493,31
1494,0
1495,39
1496,32
1497,96
1498,80
1499,75
1500,86
1501,49
1502,66
1503,15
1504,82
1505,78
1506,26
1507,12
1508,94
1509,50
1510,31
1511,26
1512,77
1513,32
1514,9
1515,43
1516,12
1517,77
1518,78
1519,98
1520,55
1521,4
1522,40
1523,75
1524,55
1525,20
1526,65
1527,89
1528,86
1529,84
1530,72
1531,3
1532,34
1533,54
1534,69
1535,47
1536,62
1537,57
1538,85
1539,73
1540,5
1541,2
1542,57
1543,90
1544,83
1545,81
1546,61
1547,91
1548,25
1549,48
1550,18
1551,49
1552,17
1553,73
1554,71
1555,63
1556,63
1557,48
1558,59
1559,66
1560,1
1561,98
1562,9
1563,17
1564,31
1565,59
1566,52
1567,36
1568,81
1569,80
1570,51
1571,77
1572,42
1573,15
1574,18
1575,56
1576,72
1577,30
1578,0
1579,5
1580,49
1581,54
1582,52
1583,59
1584,64
1585,72
1586,87
1587,84
1588,93
1589,83
1590,19
1591,26
1592,22
1593,33
1594,86
1595,49
1596,56
1597,16
1598,92
1599,39
1600,60
1601,12
1602,74
1603,57
1604,68
1605,18
1606,23
1607,42
1608,45
1609,28
1610,87
1611,80
1612,24
1613,76
1614,54
1615,27
1616,13
1617,37
1618,32
1619,21
1620,42
1621,21
1622,64
1623,79
1624,21
1625,61
1626,31
1627,41
1628,16
1629,91
1630,70
1631,54
1632,80
1633,99
1634,72
1635,84
1636,96
1637,92
1638,71
1639,17
1640,47
1641,94
1642,60
1643,27
1644,67
1645,78
1646,26
1647,33
1648,39
1649,8
1650,1
1651,80
1652,20
1653,56
1654,81
1655,95
1656,13
1657,25
1658,61
1659,56
1660,68
1661,79
1662,48
1663,18
1664,76
1665,46
1666,76
1667,67
1668,5
1669,2
1670,39
1671,48
1672,4
1673,66
1674,8
1675,8
1676,19
1677,57
1678,31
1679,7
1680,10
1681,56
1682,40
1683,96
1684,90
1685,69
1686,4
1687,31
1688,78
1689,45
1690,99
1691,81
1692,91
1693,86
1694,12
1695,33
1696,22
1697,77
1698,34
1699,24
1700,40
1701,22
1702,53
1703,88
1704,68
1705,14
1706,53
1707,7
1708,79
1709,17
1710,48
1711,16
1712,62
1713,82
1714,61
1715,21
1716,30
1717,50
1718,47
1719,57
1720,16
1721,35
1722,95
1723,72
1724,96
1725,96
1726,62
1727,32
1728,18
1729,88
1730,35
1731,7
1732,21
1733,13
1734,5
1735,99
1736,13
1737,56
1738,0
1739,44
1740,87
1741,85
1742,54
1743,53
1744,99
1745,12
1746,3
1747,11
1748,49
1749,33
1750,95
1751,99
1752,51
1753,89
1754,55
1755,54
1756,68
1757,9
1758,46
1759,1
1760,18
1761,28
1762,2
1763,52
1764,54
1765,83
1766,40
1767,18
1768,67
1769,30
1770,12
1771,34
1772,27
1773,29
1774,59
1775,8
1776,17
1777,56
1778,35
1779,80
1780,1
1781,82
1782,33
1783,34
1784,86
1785,52
1786,86
1787,77
1788,66
1789,9
1790,84
1791,57
1792,5
1793,91
1794,34
1795,77
1796,80
1797,90
1798,70
1799,34
1800,35
1801,97
1802,68
1803,85
1804,6
1805,79
1806,44
1807,40
1808,86
1809,93
1810,1
1811,75
1812,14
1813,5
1814,90
1815,57
1816,67
1817,19
1818,83
1819,76
1820,50
1821,54
1822,65
1823,77
1824,70
1825,12
1826,73
1827,9
1828,95
1829,48
1830,52
1831,95
1832,49
1833,2
1834,85
1835,17
1836,80
1837,94
1838,29
1839,87
1840,49
1841,66
1842,99
1843,42
1844,73
1845,28
1846,16
1847,26
1848,86
1849,31
1850,87
1851,2
1852,73
1853,21
1854,71
1855,52
1856,56
1857,28
1858,37
1859,53
1860,60
1861,7
1862,94
1863,53
1864,37
1865,77
1866,28
1867,7
1868,54
1869,33
1870,53
1871,87
1872,43
1873,17
1874,69
1875,86
1876,17
1877,6
1878,53
1879,68
1880,78
1881,89
1882,64
1883,7
1884,45
1885,95
1886,37
1887,74
1888,28
1889,25
1890,23
1891,52
1892,24
1893,33
1894,91
1895,99
1896,56
1897,21
1898,59
1899,9
1900,81
1901,88
1902,29
1903,61
1904,12
1905,93
1906,49
1907,81
1908,26
1909,94
1910,28
1911,60
1912,77
1913,89
1914,56
1915,88
1916,24
1917,84
1918,36
1919,77
1920,74
1921,88
1922,85
1923,3
1924,84
1925,0
1926,43
1927,39
1928,59
1929,95
1930,87
1931,69
1932,9
1933,51
1934,91
1935,87
1936,46
1937,97
1938,29
1939,51
1940,72
1941,98
1942,91
1943,36
1944,86
1945,26
1946,18
1947,20
1948,5
1949,63
1950,76
1951,8
1952,63
1953,6
1954,55
1955,99
1956,99
1957,4
1958,80
1959,83
1960,73
1961,31
1962,49
1963,39
1964,66
1965,66
1966,53
1967,92
1968,41
1969,36
1970,61
1971,88
1972,95
1973,85
1974,95
1975,41
1976,8
1977,66
1978,46
1979,51
1980,37
1981,31
1982,22
1983,32
1984,8
1985,87
1986,67
1987,15
1988,95
1989,35
1990,38
1991,98
1992,28
1993,14
1994,26
1995,27
1996,84
1997,99
1998,12
1999,8
2000,83
2001,41
2002,33
2003,75
2004,17
2005,91
2006,99
2007,9
2008,73
2009,50
2010,63
2011,9
2012,58
2013,96
2014,77
2015,53
2016,50
2017,53
2018,92
2019,58
2020,98
2021,21
2022,11
2023,39
2024,85
2025,81
2026,9
2027,3
2028,50
2029,89
2030,95
2031,85
2032,52
2033,48
2034,54
2035,79
2036,27
2037,39
2038,82
2039,88
2040,12
2041,21
2042,65
2043,40
2044,5
2045,32
2046,63
2047,78
2048,42
2049,40
2050,72
2051,15
2052,73
2053,49
2054,95
2055,39
2056,79
2057,86
2058,53
2059,80
2060,12
2061,57
2062,5
2063,17
2064,97
2065,37
2066,48
2067,79
2068,5
2069,0
2070,86
2071,14
2072,48
2073,54
2074,9
2075,5
2076,73
2077,0
2078,19
2079,14
2080,58
2081,20
2082,48
2083,36
2084,39
2085,95
2086,20
2087,52
2088,57
2089,77
2090,50
2091,71
2092,31
2093,26
2094,84
2095,57
2096,87
2097,91
2098,8
2099,99
2100,58
2101,89
2102,27
2103,57
2104,72
2105,40
2106,16
2107,75
2108,20
2109,5
2110,80
2111,49
2112,93
2113,91
2114,85
2115,92
2116,34
2117,30
2118,28
2119,12
2120,99
2121,81
2122,85
2123,89
2124,86
2125,22
2126,84
2127,40
2128,27
2129,87
2130,21
2131,34
2132,36
2133,90
2134,94
2135,71
2136,66
2137,62
2138,95
2139,96
2140,38
2141,95
2142,41
2143,7
2144,85
2145,80
2146,13
2147,88
2148,48
2149,30
2150,47
2151,79
2152,20
2153,68
2154,16
2155,93
2156,16
2157,12
2158,38
2159,52
2160,43
2161,20
2162,98
2163,24
2164,76
2165,49
2166,73
2167,84
2168,1
2169,44
2170,37
2171,89
2172,80
2173,27
2174,29
2175,57
2176,10
2177,41
2178,12
2179,48
2180,72
2181,73
2182,19
2183,56
2184,80
2185,44
2186,73
2187,35
2188,42
2189,61
2190,79
2191,59
2192,14
2193,87
2194,6
2195,87
2196,71
2197,91
2198,39
2199,89
2200,18
2201,7
2202,99
2203,81
2204,5
2205,66
2206,80
2207,28
2208,21
2209,16
2210,18
2211,66
2212,39
2213,22
2214,90
2215,78
2216,57
2217,84
2218,73
2219,97
2220,34
2221,97
2222,26
2223,22
2224,19
2225,73
2226,67
2227,75
2228,75
2229,82
2230,31
2231,15
2232,21
2233,59
2234,62
2235,60
2236,68
2237,25
2238,83
2239,57
2240,41
2241,68
2242,58
2243,6
2244,73
2245,95
2246,87
2247,71
2248,84
2249,43
2250,90
2251,81
2252,17
2253,7
2254,87
2255,57
2256,68
2257,57
2258,68
2259,26
2260,59
2261,74
2262,87
2263,22
2264,43
2265,66
2266,75
2267,15
2268,75
2269,20
2270,19
2271,57
2272,45
2273,12
2274,62
2275,18
2276,63
2277,69
2278,77
2279,1
2280,30
2281,34
2282,27
2283,56
2284,12
2285,87
2286,60
2287,21
2288,47
2289,68
2290,16
2291,19
2292,57
2293,70
2294,61
2295,10
2296,72
2297,81
2298,68
2299,51
2300,28
2301,97
2302,61
2303,26
2304,49
2305,11
2306,72
2307,67
2308,21
2309,3
2310,17
2311,73
2312,80
2313,54
2314,9
2315,15
2316,2
2317,26
2318,51
2319,73
2320,12
2321,41
2322,67
2323,76
2324,99
2325,67
2326,76
2327,26
2328,54
2329,39
2330,18
2331,29
2332,51
2333,28
2334,16
2335,60
2336,34
2337,28
2338,1
2339,14
2340,31
2341,43
2342,51
2343,62
2344,38
2345,65
2346,95
2347,50
2348,5
2349,34
2350,49
2351,32
2352,65
2353,30
2354,69
2355,59
2356,19
2357,42
2358,98
2359,66
2360,31
2361,73
2362,87
2363,32
2364,18
2365,97
2366,55
2367,81
2368,5
2369,90
2370,39
2371,26
2372,17
2373,76
2374,15
2375,0
2376,90
2377,1
2378,5
2379,37
2380,41
2381,1
2382,20
2383,59
2384,66
2385,40
2386,20
2387,29
2388,35
2389,20
2390,32
2391,35
2392,25
2393,99
2394,61
2395,26
2396,58
2397,36
2398,99
2399,60
2400,70
2401,26
2402,96
2403,99
2404,56
2405,33
2406,83
2407,23
2408,52
2409,19
2410,54
2411,33
2412,22
2413,49
2414,53
2415,15
2416,77
2417,3
2418,85
2419,86
2420,18
2421,58
2422,81
2423,95
2424,74
2425,70
2426,61
2427,88
2428,14
2429,33
2430,53
2431,89
2432,94
2433,91
2434,99
2435,36
2436,77
2437,76
2438,74
2439,71
2440,66
2441,37
2442,67
2443,94
2444,67
2445,24
2446,82
2447,23
2448,73
2449,45
2450,49
2451,2
2452,11
2453,94
2454,88
2455,3
2456,6
2457,35
2458,95
2459,54
2460,41
2461,6
2462,2
2463,22
2464,75
2465,75
2466,55
2467,53
2468,72
2469,45
2470,20
2471,63
2472,76
2473,25
2474,96
2475,10
2476,75
2477,38
2478,47
2479,59
2480,3
2481,85
2482,91
2483,84
2484,58
2485,96
2486,79
2487,8
2488,0
2489,19
2490,50
2491,23
2492,37
2493,68
2494,40
2495,37
2496,8
2497,35
2498,16
2499,48
2500,23
2501,76
2502,75
2503,89
2504,60
2505,69
2506,90
2507,46
2508,29
2509,18
2510,9
2511,86
2512,0
2513,4
2514,15
2515,57
2516,62
2517,82
2518,34
2519,64
2520,81
2521,4
2522,67
2523,53
2524,49
2525,26
2526,10
2527,26
2528,27
2529,25
2530,70
2531,96
2532,93
2533,39
2534,26
2535,5
2536,27
2537,79
2538,23
2539,76
2540,93
2541,84
2542,87
2543,27
2544,34
2545,82
2546,80
2547,83
2548,27
2549,72
2550,16
2551,60
2552,35
2553,88
2554,49
2555,45
2556,58
2557,40
2558,16
2559,57
2560,62
2561,26
2562,25
2563,86
2564,63
2565,16
2566,85
2567,27
2568,31
2569,90
2570,42
2571,18
2572,14
2573,3
2574,67
2575,23
2576,20
2577,20
2578,5
2579,51
2580,88
2581,5
2582,25
2583,32
2584,12
2585,42
2586,22
2587,51
2588,68
2589,99
2590,74
2591,13
2592,73
2593,36
2594,52
2595,77
2596,39
2597,97
2598,31
2599,47
2600,87
2601,26
2602,85
2603,90
2604,57
2605,45
2606,94
2607,5
2608,11
2609,81
2610,77
2611,67
2612,96
2613,69
2614,84
2615,44
2616,75
2617,31
2618,13
2619,89
2620,77
2621,25
2622,50
2623,63
2624,89
2625,44
2626,67
2627,39
2628,52
2629,59
2630,25
2631,96
2632,81
2633,36
2634,64
2635,31
2636,81
2637,17
2638,21
2639,85
2640,97
2641,51
2642,66
2643,54
2644,93
2645,6
2646,63
2647,42
2648,0
2649,41
2650,39
2651,94
2652,80
2653,24
2654,47
2655,95
2656,1
2657,21
2658,63
2659,21
2660,12
2661,20
2662,85
2663,6
2664,63
2665,13
2666,9
2667,54
2668,20
2669,72
2670,86
2671,34
2672,59
2673,27
2674,61
2675,89
2676,57
2677,26
2678,36
2679,45
2680,99
2681,8
2682,25
2683,93
2684,20
2685,92
2686,16
2687,45
2688,91
2689,16
2690,37
2691,40
2692,63
2693,83
2694,54
2695,84
2696,71
2697,18
2698,58
2699,68
2700,76
2701,17
2702,21
2703,72
2704,38
2705,28
2706,75
2707,68
2708,99
2709,60
2710,49
2711,50
2712,17
2713,84
2714,99
2715,94
2716,87
2717,5
2718,40
2719,90
2720,55
2721,99
2722,59
2723,91
2724,90
2725,48
2726,93
2727,7
2728,89
2729,39
2730,71
2731,69
2732,95
2733,65
2734,47
2735,60
2736,86
2737,82
2738,75
2739,36
2740,82
2741,88
2742,44
2743,77
2744,81
2745,77
2746,6
2747,84
2748,52
2749,68
2750,39
2751,62
2752,53
2753,56
2754,67
2755,88
2756,15
2757,57
2758,19
2759,17
2760,43
2761,74
2762,16
2763,26
2764,19
2765,25
2766,6
2767,85
2768,38
2769,32
2770,59
2771,5
2772,99
2773,32
2774,15
2775,24
2776,80
2777,35
2778,88
2779,49
2780,11
2781,15
2782,62
2783,99
2784,6
2785,61
2786,5
2787,20
2788,41
2789,5
2790,20
2791,43
2792,69
2793,3
2794,73
2795,68
2796,88
2797,10
2798,51
2799,66
2800,96
2801,59
2802,12
2803,26
2804,16
2805,88
2806,83
2807,72
2808,27
2809,4
2810,60
2811,82
2812,61
2813,68
2814,92
2815,62
2816,5
2817,87
2818,67
2819,91
2820,34
2821,36
2822,9
2823,63
2824,83
2825,50
2826,29
2827,42
2828,80
2829,69
2830,61
2831,82
2832,37
2833,97
2834,15
2835,63
2836,78
2837,80
2838,18
2839,79
2840,21
2841,74
2842,97
2843,81
2844,6
2845,43
2846,35
2847,26
2848,25
2849,27
2850,17
2851,60
2852,79
2853,38
2854,53
2855,90
2856,82
2857,44
2858,26
2859,24
2860,85
2861,45
2862,38
2863,46
2864,21
2865,0
2866,16
2867,84
2868,11
2869,86
2870,57
2871,89
2872,42
2873,31
2874,46
2875,68
2876,47
2877,47
2878,2
2879,95
2880,70
2881,23
2882,58
2883,48
2884,27
2885,14
2886,59
2887,27
2888,15
2889,68
2890,62
2891,78
2892,68
2893,59
2894,54
2895,84
2896,92
2897,21
2898,90
2899,2
2900,21
2901,42
2902,1
2903,53
2904,15
2905,95
2906,18
2907,91
2908,23
2909,88
2910,98
2911,89
2912,27
2913,60
2914,66
2915,94
2916,61
2917,84
2918,83
2919,97
2920,33
2921,99
2922,5
2923,21
2924,2
2925,46
2926,24
2927,77
2928,87
2929,31
2930,66
2931,96
2932,30
2933,66
2934,98
2935,2
2936,22
2937,14
2938,26
2939,55
2940,27
2941,59
2942,89
2943,24
2944,40
2945,40
2946,15
2947,73
2948,15
2949,36
2950,23
2951,41
2952,97
2953,70
2954,76
2955,89
2956,89
2957,40
2958,73
2959,4
2960,0
2961,3
2962,79
2963,92
2964,36
2965,20
2966,7
2967,66
2968,24
2969,73
2970,67
2971,98
2972,82
2973,87
2974,31
2975,14
2976,67
2977,96
2978,61
2979,96
2980,97
2981,22
2982,95
2983,21
2984,27
2985,29
2986,42
2987,28
2988,0
2989,6
2990,43
2991,23
2992,89
2993,9
2994,16
2995,68
2996,72
2997,71
2998,77
2999,73
3000,51
3001,40
3002,40
3003,35
3004,93
3005,0
3006,88
3007,49
3008,14
3009,42
3010,51
3011,2
3012,98
3013,96
3014,83
3015,5
3016,64
3017,56
3018,66
3019,99
3020,37
3021,60
3022,46
3023,19
3024,8
3025,21
3026,13
3027,48
3028,0
3029,44
3030,18
3031,72
3032,33
3033,21
3034,60
3035,8
3036,84
3037,54
3038,42
3039,78
3040,87
3041,63
3042,86
3043,33
3044,8
3045,98
3046,12
3047,24
3048,86
3049,26
3050,97
3051,50
3052,54
3053,20
3054,48
3055,41
3056,53
3057,99
3058,55
3059,83
3060,12
3061,79
3062,46
3063,95
3064,31
3065,39
3066,0
3067,12
3068,46
3069,91
3070,77
3071,1
3072,90
3073,47
3074,97
3075,75
3076,37
3077,69
3078,66
3079,24
3080,87
3081,40
3082,40
3083,39
3084,37
3085,84
3086,31
3087,37
3088,72
3089,13
3090,14
3091,84
3092,84
3093,54
3094,98
3095,84
3096,17
3097,76
3098,40
3099,7
3100,85
3101,99
3102,64
3103,24
3104,42
3105,24
3106,58
3107,82
3108,37
3109,16
3110,17
3111,48
3112,60
3113,63
3114,19
3115,82
3116,86
3117,33
3118,3
3119,41
3120,71
3121,31
3122,9
3123,57
3124,54
3125,34
3126,35
3127,63
3128,62
3129,88
3130,65
3131,78
3132,2
3133,32
3134,58
3135,43
3136,1
3137,71
3138,15
3139,39
3140,18
3141,57
3142,73
3143,4
3144,30
3145,41
3146,9
3147,67
3148,43
3149,94
3150,87
3151,73
3152,71
3153,15
3154,52
3155,27
3156,73
3157,36
3158,30
3159,72
3160,2
3161,79
3162,36
3163,76
3164,96
3165,17
3166,3
3167,76
3168,88
3169,3
3170,64
3171,46
3172,77
3173,49
3174,92
3175,17
3176,97
3177,88
3178,31
3179,88
3180,44
3181,41
3182,96
3183,90
3184,14
3185,79
3186,5
3187,4
3188,26
3189,17
3190,1
3191,98
3192,43
3193,29
3194,81
3195,52
3196,24
3197,37
3198,31
3199,18
3200,66
3201,86
3202,81
3203,20
3204,68
3205,76
3206,92
3207,24
3208,28
3209,26
3210,61
3211,20
3212,97
3213,95
3214,26
3215,87
3216,9
3217,70
3218,52
3219,86
3220,49
3221,99
3222,21
3223,90
3224,40
3225,57
3226,25
3227,54
3228,69
3229,45
3230,41
3231,4
3232,9
3233,45
3234,99
3235,36
3236,58
3237,90
3238,16
3239,95
3240,48
3241,50
3242,37
3243,49
3244,60
3245,40
3246,37
3247,33
3248,30
3249,91
3250,45
3251,90
3252,67
3253,61
3254,42
3255,86
3256,8
3257,36
3258,31
3259,42
3260,84
3261,8
3262,99
3263,25
3264,64
3265,74
3266,96
3267,49
3268,32
3269,79
3270,66
3271,86
3272,99
3273,2
3274,91
3275,26
3276,13
3277,99
3278,27
3279,9
3280,87
3281,45
3282,39
3283,57
3284,58
3285,49
3286,28
3287,91
3288,17
3289,71
3290,76
3291,42
3292,57
3293,20
3294,63
3295,39
3296,73
3297,91
3298,23
3299,6
3300,71
3301,47
3302,69
3303,56
3304,73
3305,78
3306,45
3307,54
3308,87
3309,43
3310,30
3311,82
3312,99
3313,36
3314,79
3315,45
3316,28
3317,20
3318,79
3319,17
3320,87
3321,37
3322,91
3323,60
3324,33
3325,32
3326,54
3327,0
3328,88
3329,79
3330,90
3331,16
3332,77
3333,24
3334,16
3335,78
3336,65
3337,51
3338,66
3339,68
3340,18
3341,41
3342,27
3343,76
3344,57
3345,75
3346,42
3347,39
3348,10
3349,20
3350,87
3351,65
3352,51
3353,1
3354,14
3355,53
3356,3
3357,60
3358,53
3359,81
3360,53
3361,9
3362,34
3363,76
3364,40
3365,97
3366,90
3367,70
3368,34
3369,88
3370,86
3371,66
3372,93
3373,99
3374,13
3375,83
3376,48
3377,81
3378,94
3379,72
3380,67
3381,74
3382,79
3383,68
3384,6
3385,29
3386,82
3387,42
3388,71
3389,15
3390,78
3391,26
3392,49
3393,65
3394,84
3395,54
3396,73
3397,54
3398,37
3399,99
3400,11
3401,31
3402,82
3403,56
3404,3
3405,87
3406,92
3407,8
3408,73
3409,15
3410,12
3411,14
3412,89
3413,0
3414,23
3415,16
3416,96
3417,34
3418,26
3419,10
3420,43
3421,53
3422,89
3423,15
3424,60
3425,2
3426,81
3427,97
3428,64
3429,57
3430,5
3431,28
3432,1
3433,56
3434,79
3435,57
3436,60
3437,16
3438,25
3439,23
3440,56
3441,52
3442,72
3443,93
3444,84
3445,41
3446,24
3447,75
3448,25
3449,32
3450,12
3451,57
3452,20
3453,76
3454,77
3455,71
3456,16
3457,49
3458,76
3459,29
3460,57
3461,75
3462,32
3463,16
3464,59
3465,56
3466,49
3467,8
3468,19
3469,72
3470,39
3471,71
3472,98
3473,3
3474,18
3475,43
3476,37
3477,8
3478,13
3479,99
3480,3
3481,35
3482,52
3483,73
3484,8
3485,2
3486,14
3487,97
3488,73
3489,12
3490,16
3491,91
3492,57
3493,43
3494,23
3495,73
3496,4
3497,62
3498,38
3499,1
3500,12
3501,38
3502,51
3503,15
3504,77
3505,44
3506,10
3507,65
3508,8
3509,89
3510,0
3511,7
3512,62
3513,17
3514,72
3515,79
3516,70
3517,64
3518,0
3519,45
3520,85
3521,62
3522,33
3523,17
3524,40
3525,48
3526,89
3527,39
3528,21
3529,53
3530,95
3531,53
3532,89
3533,65
3534,35
3535,2
3536,32
3537,13
3538,65
3539,95
3540,29
3541,71
3542,24
3543,16
3544,28
3545,2
3546,90
3547,42
3548,9
3549,42
3550,37
3551,85
3552,27
3553,17
3554,1
3555,23
3556,56
3557,99
3558,48
3559,83
3560,76
3561,20
3562,18
3563,99
3564,13
3565,66
3566,98
3567,66
3568,20
3569,65
3570,3
3571,39
3572,23
3573,24
3574,91
3575,87
3576,41
3577,22
3578,96
3579,39
3580,76
3581,98
3582,47
3583,12
3584,15
3585,68
3586,39
3587,73
3588,83
3589,61
3590,75
3591,8
3592,53
3593,69
3594,63
3595,23
3596,29
3597,15
3598,88
3599,11
3600,96
3601,62
3602,29
3603,32
3604,73
3605,19
3606,8
3607,19
3608,34
3609,94
3610,88
3611,67
3612,71
3613,38
3614,20
3615,11
3616,80
3617,30
3618,95
3619,91
3620,27
3621,65
3622,84
3623,99
3624,52
3625,70
3626,51
3627,16
3628,88
3629,99
3630,81
3631,18
3632,54
3633,73
3634,2
3635,47
3636,51
3637,78
3638,24
3639,50
3640,68
3641,86
3642,58
3643,37
3644,34
3645,72
3646,40
3647,90
3648,29
3649,95
3650,86
3651,14
3652,27
3653,3
3654,28
3655,58
3656,66
3657,18
3658,31
3659,78
3660,66
3661,95
3662,93
3663,97
3664,73
3665,54
3666,56
3667,54
3668,44
3669,27
3670,40
3671,41
3672,71
3673,14
3674,66
3675,81
3676,7
3677,19
3678,23
3679,16
3680,87
3681,40
3682,8
3683,22
3684,91
3685,55
3686,88
3687,35
3688,87
3689,46
3690,50
3691,92
3692,9
3693,39
3694,66
3695,86
3696,85
3697,18
3698,8
3699,27
3700,57
3701,81
3702,94
3703,28
3704,61
3705,94
3706,17
3707,46
3708,1
3709,4
3710,76
3711,28
3712,0
3713,1
3714,63
3715,48
3716,39
3717,27
3718,25
3719,12
3720,35
3721,12
3722,7
3723,16
3724,2
3725,0
3726,95
3727,90
3728,61
3729,84
3730,10
3731,97
3732,13
3733,63
3734,43
3735,59
3736,96
3737,23
3738,76
3739,51
3740,81
3741,73
3742,51
3743,76
3744,28
3745,77
3746,33
3747,97
3748,6
3749,80
3750,80
3751,0
3752,0
3753,40
3754,45
3755,81
3756,17
3757,77
3758,81
3759,77
3760,97
3761,18
3762,44
3763,85
3764,56
3765,81
3766,45
3767,73
3768,77
3769,81
3770,82
3771,78
3772,26
3773,59
3774,49
3775,83
3776,1
3777,63
3778,76
3779,97
3780,5
3781,20
3782,71
3783,39
3784,7
3785,55
3786,1
3787,94
3788,74
3789,6
3790,20
3791,96
3792,37
3793,87
3794,40
3795,41
3796,73
3797,76
3798,19
3799,89
3800,49
3801,0
3802,4
3803,31
3804,91
3805,63
3806,94
3807,55
3808,59
3809,21
3810,17
3811,47
3812,27
3813,60
3814,78
3815,90
3816,28
3817,19
3818,96
3819,4
3820,98
3821,85
3822,95
3823,46
3824,72
3825,41
3826,84
3827,8
3828,83
3829,29
3830,77
3831,51
3832,47
3833,68
3834,11
3835,87
3836,22
3837,69
3838,49
3839,16
3840,89
3841,77
3842,59
3843,76
3844,45
3845,55
3846,18
3847,26
3848,96
3849,78
3850,69
3851,69
3852,72
3853,5
3854,15
3855,39
3856,87
3857,48
3858,79
3859,18
3860,73
3861,77
3862,27
3863,61
3864,41
3865,47
3866,18
3867,94
3868,75
3869,98
3870,57
3871,93
3872,99
3873,8
3874,77
3875,31
3876,19
3877,37
3878,12
3879,98
3880,74
3881,78
3882,7
3883,78
3884,15
3885,76
3886,87
3887,37
3888,16
3889,75
3890,73
3891,84
3892,55
3893,48
3894,12
3895,25
3896,7
3897,37
3898,7
3899,4
3900,16
3901,87
3902,67
3903,54
3904,78
3905,60
3906,9
3907,18
3908,15
3909,68
3910,45
3911,71
3912,20
3913,90
3914,24
3915,84
3916,93
3917,59
3918,78
3919,74
3920,89
3921,35
3922,15
3923,74
3924,94
3925,20
3926,6
3927,66
3928,23
3929,93
3930,38
3931,17
3932,1
3933,90
3934,56
3935,79
3936,27
3937,28
3938,23
3939,19
3940,88
3941,87
3942,82
3943,84
3944,59
3945,63
3946,94
3947,13
3948,87
3949,76
3950,76
3951,32
3952,35
3953,92
3954,17
3955,78
3956,79
3957,75
3958,83
3959,14
3960,80
3961,27
3962,57
3963,38
3964,71
3965,96
3966,6
3967,40
3968,42
3969,96
3970,81
3971,41
3972,8
3973,67
3974,89
3975,82
3976,7
3977,71
3978,6
3979,46
3980,11
3981,18
3982,96
3983,72
3984,57
3985,2
3986,59
3987,29
3988,21
3989,19
3990,16
3991,31
3992,60
3993,78
3994,63
3995,6
3996,65
3997,15
3998,21
3999,47
4000,71
4001,1
4002,26
4003,33
4004,8
4005,77
4006,2
4007,76
4008,7
4009,70
4010,20
4011,93
4012,41
4013,14
4014,87
4015,31
4016,30
4017,30
4018,10
4019,85
4020,77
4021,7
4022,51
4023,24
4024,25
4025,49
4026,77
4027,89
4028,41
4029,87
4030,7
4031,94
4032,90
4033,94
4034,87
4035,59
4036,2
4037,10
4038,41
4039,42
4040,84
4041,76
4042,24
4043,2
4044,86
4045,82
4046,46
4047,41
4048,69
4049,34
4050,57
4051,6
4052,62
4053,16
4054,99
4055,29
4056,35
4057,27
4058,6
4059,55
4060,81
4061,20
4062,92
4063,1
4064,75
4065,89
4066,57
4067,55
4068,25
4069,25
4070,18
4071,2
4072,43
4073,96
4074,88
4075,88
4076,81
4077,9
4078,33
4079,99
4080,87
4081,46
4082,2
4083,49
4084,44
4085,1
4086,52
4087,5
4088,49
4089,96
4090,4
4091,26
4092,23
4093,76
4094,21
4095,81
4096,30
4097,14
4098,64
4099,83
4100,0
4101,78
4102,50
4103,82
4104,13
4105,69
4106,8
4107,3
4108,74
4109,89
4110,51
4111,22
4112,0
4113,79
4114,86
4115,80
4116,95
4117,38
4118,63
4119,73
4120,87
4121,68
4122,17
4123,85
4124,49
4125,20
4126,74
4127,66
4128,48
4129,13
4130,60
4131,63
4132,62
4133,17
4134,13
4135,14
4136,85
4137,59
4138,38
4139,20
4140,76
4141,46
4142,32
4143,29
4144,0
4145,50
4146,74
4147,48
4148,26
4149,96
4150,83
4151,26
4152,12
4153,27
4154,26
4155,43
4156,63
4157,55
4158,12
4159,83
4160,71
4161,19
4162,16
4163,20
4164,21
4165,67
4166,51
4167,68
4168,51
4169,73
4170,46
4171,94
4172,68
4173,13
4174,22
4175,83
4176,10
4177,88
4178,35
4179,87
4180,2
4181,21
4182,77
4183,66
4184,65
4185,81
4186,20
4187,21
4188,53
4189,68
4190,88
4191,72
4192,49
4193,69
4194,17
4195,28
4196,81
4197,80
4198,74
4199,67
4200,37
4201,81
4202,30
4203,43
4204,59
4205,24
4206,22
4207,23
4208,94
4209,33
4210,90
4211,8
4212,60
4213,52
4214,20
4215,63
4216,54
4217,53
4218,50
4219,4
4220,65
4221,53
4222,27
4223,40
4224,47
4225,80
4226,5
4227,2
4228,71
4229,51
4230,54
4231,17
4232,56
4233,54
4234,15
4235,69
4236,80
4237,24
4238,4
4239,8
4240,20
4241,77
4242,75
4243,66
4244,93
4245,94
4246,37
4247,46
4248,75
4249,27
4250,37
4251,89
4252,61
4253,94
4254,77
4255,34
4256,37
4257,2
4258,86
4259,20
4260,49
4261,49
4262,95
4263,71
4264,88
4265,40
4266,43
4267,56
4268,18
4269,14
4270,87
4271,91
4272,7
4273,24
4274,39
4275,73
4276,31
4277,2
4278,56
4279,38
4280,79
4281,37
4282,73
4283,66
4284,26
4285,38
4286,79
4287,28
4288,88
4289,0
4290,19
4291,8
4292,32
4293,75
4294,78
4295,50
4296,81
4297,61
4298,50
4299,85
4300,73
4301,65
4302,98
4303,43
4304,88
4305,31
4306,25
4307,13
4308,36
4309,56
4310,60
4311,79
4312,10
4313,43
4314,20
4315,1
4316,58
4317,21
4318,27
4319,7
4320,80
4321,57
4322,87
4323,66
4324,98
4325,54
4326,34
4327,12
4328,65
4329,41
4330,96
4331,61
4332,76
4333,88
4334,28
4335,13
4336,92
4337,90
4338,16
4339,87
4340,0
4341,23
4342,75
4343,68
4344,27
4345,64
4346,57
4347,31
4348,24
4349,80
4350,13
4351,73
4352,89
4353,86
4354,65
4355,86
4356,73
4357,9
4358,49
4359,91
4360,57
4361,16
4362,59
4363,5
4364,7
4365,35
4366,13
4367,10
4368,83
4369,8
4370,59
4371,93
4372,35
4373,58
4374,6
4375,27
4376,82
4377,1
4378,64
4379,81
4380,82
4381,49
4382,94
4383,77
4384,87
4385,46
4386,31
4387,89
4388,79
4389,97
4390,38
4391,33
4392,24
4393,46
4394,51
4395,25
4396,70
4397,51
4398,37
4399,2
4400,41
4401,25
4402,91
4403,83
4404,89
4405,14
4406,59
4407,54
4408,49
4409,84
4410,80
4411,57
4412,66
4413,17
4414,75
4415,15
4416,12
4417,34
4418,24
4419,19
4420,2
4421,68
4422,24
4423,75
4424,75
4425,41
4426,58
4427,87
4428,14
4429,80
4430,50
4431,18
4432,43
4433,0
4434,16
4435,32
4436,7
4437,17
4438,57
4439,54
4440,79
4441,34
4442,50
4443,86
4444,20
4445,50
4446,3
4447,14
4448,40
4449,88
4450,46
4451,63
4452,36
4453,1
4454,80
4455,84
4456,87
4457,99
4458,65
4459,1
4460,52
4461,48
4462,83
4463,58
4464,85
4465,96
4466,94
4467,50
4468,58
4469,93
4470,66
4471,93
4472,7
4473,14
4474,41
4475,10
4476,64
4477,75
4478,75
4479,73
4480,57
4481,75
4482,89
4483,75
4484,35
4485,97
4486,79
4487,48
4488,18
4489,12
4490,12
4491,31
4492,60
4493,18
4494,12
4495,7
4496,43
4497,37
4498,17
4499,52
4500,37
4501,31
4502,53
4503,73
4504,18
4505,64
4506,58
4507,5
4508,89
4509,12
4510,78
4511,87
4512,21
4513,29
4514,51
4515,58
4516,88
4517,89
4518,5
4519,57
4520,0
4521,37
4522,73
4523,28
4524,95
4525,43
4526,2
4527,33
4528,40
4529,97
4530,52
4531,14
4532,55
4533,72
4534,53
4535,91
4536,81
4537,3
4538,5
4539,32
4540,10
4541,96
4542,59
4543,14
4544,98
4545,43
4546,86
4547,24
4548,31
4549,42
4550,38
4551,46
4552,1
4553,52
4554,75
4555,78
4556,60
4557,70
4558,77
4559,73
4560,11
4561,8
4562,61
4563,3
4564,24
4565,47
4566,73
4567,70
4568,5
4569,78
4570,84
4571,73
4572,98
4573,30
4574,35
4575,54
4576,78
4577,66
4578,41
4579,55
4580,95
4581,47
4582,52
4583,78
4584,12
4585,21
4586,32
4587,70
4588,58
4589,57
4590,18
4591,24
4592,30
4593,99
4594,32
4595,86
4596,18
4597,76
4598,68
4599,56
4600,62
4601,1
4602,97
4603,4
4604,18
4605,82
4606,43
4607,61
4608,33
4609,42
4610,81
4611,42
4612,50
4613,0
4614,79
4615,49
4616,7
4617,52
4618,66
4619,99
4620,85
4621,88
4622,54
4623,89
4624,1
4625,29
4626,4
4627,74
4628,75
4629,61
4630,90
4631,94
4632,14
4633,25
4634,4
4635,21
4636,66
4637,9
4638,5
4639,37
4640,0
4641,1
4642,12
4643,30
4644,80
4645,4
4646,8
4647,50
4648,6
4649,55
4650,69
4651,68
4652,72
4653,1
4654,11
4655,16
4656,86
4657,52
4658,68
4659,1
4660,56
4661,71
4662,73
4663,89
4664,28
4665,84
4666,7
4667,27
4668,20
4669,3
4670,68
4671,79
4672,78
4673,96
4674,22
4675,24
4676,83
4677,97
4678,89
4679,77
4680,13
4681,87
4682,60
4683,9
4684,62
4685,56
4686,7
4687,64
4688,83
4689,25
4690,46
4691,89
4692,75
4693,58
4694,37
4695,91
4696,4
4697,57
4698,75
4699,54
4700,77
4701,70
4702,64
4703,43
4704,48
4705,54
4706,6
4707,80
4708,40
4709,40
4710,18
4711,43
4712,33
4713,94
4714,31
4715,4
4716,1
4717,99
4718,73
4719,12
4720,91
4721,45
4722,20
4723,87
4724,89
4725,9
4726,96
4727,92
4728,8
4729,47
4730,52
4731,89
4732,18
4733,74
4734,94
4735,54
4736,15
4737,96
4738,21
4739,95
4740,90
4741,41
4742,79
4743,30
4744,76
4745,3
4746,82
4747,52
4748,91
4749,42
4750,46
4751,14
4752,43
4753,32
4754,38
4755,57
4756,89
4757,19
4758,15
4759,67
4760,0
4761,65
4762,89
4763,71
4764,23
4765,8
4766,80
4767,53
4768,96
4769,5
4770,30
4771,29
4772,7
4773,5
4774,56
4775,14
4776,95
4777,23
4778,63
4779,34
4780,22
4781,24
4782,67
4783,72
4784,12
4785,82
4786,50
4787,43
4788,13
4789,98
4790,26
4791,72
4792,57
4793,12
4794,76
4795,47
4796,24
4797,70
4798,73
4799,39
4800,39
4801,31
4802,81
4803,71
4804,32
4805,73
4806,28
4807,12
4808,93
4809,39
4810,11
4811,10
4812,43
4813,1
4814,99
4815,24
4816,69
4817,50
4818,9
4819,21
4820,50
4821,58
4822,76
4823,0
4824,86
4825,5
4826,95
4827,88
4828,79
4829,25
4830,16
4831,45
4832,57
4833,72
4834,46
4835,92
4836,46
4837,86
4838,12
4839,92
4840,26
4841,69
4842,43
4843,86
4844,33
4845,99
4846,46
4847,40
4848,9
4849,37
4850,27
4851,82
4852,8
4853,94
4854,14
4855,16
4856,66
4857,46
4858,23
4859,22
4860,75
4861,32
4862,88
4863,77
4864,85
4865,2
4866,68
4867,31
4868,91
4869,99
4870,85
4871,80
4872,91
4873,19
4874,47
4875,79
4876,98
4877,27
4878,88
4879,37
4880,87
4881,48
4882,65
4883,85
4884,85
4885,40
4886,84
4887,81
4888,12
4889,15
4890,16
4891,28
4892,2
4893,90
4894,50
4895,79
4896,53
4897,99
4898,41
4899,86
4900,39
4901,8
4902,87
4903,27
4904,17
4905,15
4906,88
4907,63
4908,7
4909,10
4910,94
4911,74
4912,83
4913,56
4914,38
4915,93
4916,68
4917,11
4918,20
4919,49
4920,23
4921,27
4922,16
4923,57
4924,86
4925,59
4926,99
4927,48
4928,40
4929,66
4930,12
4931,52
4932,51
4933,94
4934,87
4935,77
4936,74
4937,5
4938,73
4939,28
4940,67
4941,7
4942,66
4943,34
4944,75
4945,76
4946,79
4947,94
4948,57
4949,63
4950,81
4951,24
4952,79
4953,73
4954,46
4955,85
4956,54
4957,59
4958,81
4959,56
4960,8
4961,6
4962,35
4963,83
4964,93
4965,0
4966,24
4967,23
4968,51
4969,77
4970,26
4971,42
4972,80
4973,90
4974,99
4975,47
4976,31
4977,62
4978,70
4979,39
4980,8
4981,17
4982,1
4983,91
4984,14
4985,79
4986,86
4987,79
4988,61
4989,62
4990,54
4991,34
4992,42
4993,33
4994,46
4995,44
4996,11
4997,55
4998,86
4999,39
5000,37
5001,53
5002,82
5003,48
5004,99
5005,82
5006,23
5007,95
5008,58
5009,58
5010,54
5011,37
5012,97
5013,44
5014,68
5015,13
5016,79
5017,16
5018,68
5019,47
5020,56
5021,1
5022,53
5023,23
5024,47
5025,89
5026,2
5027,43
5028,91
5029,15
5030,9
5031,38
5032,99
5033,44
5034,51
5035,46
5036,65
5037,41
5038,6
5039,23
5040,74
5041,17
5042,76
5043,21
5044,88
5045,49
5046,46
5047,14
5048,87
5049,85
5050,3
5051,18
5052,33
5053,49
5054,32
5055,43
5056,99
5057,85
5058,22
5059,37
5060,66
5061,10
5062,76
5063,8
5064,13
5065,53
5066,87
5067,19
5068,40
5069,32
5070,32
5071,24
5072,55
5073,78
5074,99
5075,27
5076,21
5077,72
5078,97
5079,75
5080,80
5081,85
5082,15
5083,61
5084,34
5085,51
5086,21
5087,22
5088,91
5089,80
5090,21
5091,90
5092,75
5093,69
5094,47
5095,77
5096,20
5097,91
5098,68
5099,43
5100,76
5101,5
5102,7
5103,15
5104,49
5105,93
5106,66
5107,32
5108,57
5109,89
5110,58
5111,18
5112,48
5113,38
5114,48
5115,17
5116,28
5117,35
5118,78
5119,89
5120,21
5121,85
5122,59
5123,14
5124,81
5125,75
5126,2
5127,28
5128,4
5129,58
5130,90
5131,2
5132,31
5133,34
5134,72
5135,86
5136,12
5137,89
5138,26
5139,28
5140,5
5141,48
5142,22
5143,74
5144,58
5145,47
5146,20
5147,87
5148,10
5149,12
5150,91
5151,61
5152,32
5153,55
5154,74
5155,82
5156,72
5157,95
5158,47
5159,80
5160,14
5161,54
5162,48
5163,81
5164,85
5165,4
5166,46
5167,21
5168,79
5169,44
5170,21
5171,8
5172,28
5173,63
5174,98
5175,48
5176,81
5177,36
5178,64
5179,86
5180,89
5181,87
5182,93
5183,98
5184,13
5185,42
5186,60
5187,71
5188,68
5189,89
5190,4
5191,24
5192,49
5193,12
5194,71
5195,87
5196,71
5197,98
5198,7
5199,42
5200,45
5201,85
5202,20
5203,40
5204,54
5205,76
5206,18
5207,74
5208,75
5209,14
5210,49
5211,83
5212,60
5213,2
5214,57
5215,84
5216,48
5217,75
5218,3
5219,51
5220,73
5221,67
5222,89
5223,47
5224,52
5225,12
5226,36
5227,87
5228,99
5229,86
5230,84
5231,42
5232,12
5233,32
5234,99
5235,72
5236,22
5237,59
5238,47
5239,5
5240,60
5241,71
5242,72
5243,74
5244,31
5245,56
5246,24
5247,72
5248,76
5249,43
5250,39
5251,16
5252,3
5253,9
5254,66
5255,13
5256,30
5257,2
5258,32
5259,69
5260,82
5261,14
5262,99
5263,47
5264,23
5265,96
5266,96
5267,49
5268,99
5269,87
5270,61
5271,36
5272,68
5273,42
5274,21
5275,99
5276,26
5277,47
5278,81
5279,88
5280,59
5281,96
5282,62
5283,73
5284,96
5285,4
5286,25
5287,89
5288,44
5289,26
5290,79
5291,97
5292,1
5293,15
5294,16
5295,75
5296,6
5297,57
5298,88
5299,64
5300,54
5301,71
5302,6
5303,96
5304,39
5305,67
5306,0
5307,44
5308,0
5309,57
5310,66
5311,48
5312,45
5313,60
5314,89
5315,16
5316,51
5317,81
5318,8
5319,61
5320,75
5321,37
5322,89
5323,60
5324,41
5325,85
5326,53
5327,8
5328,42
5329,88
5330,51
5331,21
5332,54
5333,94
5334,32
5335,95
5336,64
5337,89
5338,28
5339,91
5340,45
5341,34
5342,48
5343,35
5344,52
5345,11
5346,10
5347,64
5348,4
5349,25
5350,48
5351,45
5352,36
5353,79
5354,19
5355,76
5356,4
5357,61
5358,97
5359,86
5360,8
5361,29
5362,66
5363,27
5364,57
5365,61
5366,77
5367,85
5368,95
5369,99
5370,0
5371,65
5372,45
5373,33
5374,31
5375,51
5376,36
5377,55
5378,39
5379,12
5380,95
5381,2
5382,54
5383,74
5384,60
5385,3
5386,1
5387,94
5388,67
5389,6
5390,62
5391,2
5392,28
5393,26
5394,61
5395,29
5396,27
5397,95
5398,63
5399,42
5400,81
5401,39
5402,76
5403,16
5404,26
5405,78
5406,5
5407,50
5408,80
5409,67
5410,52
5411,28
5412,45
5413,28
5414,25
5415,20
5416,16
5417,17
5418,24
5419,80
5420,73
5421,1
5422,40
5423,12
5424,42
5425,27
5426,29
5427,7
5428,94
5429,85
5430,48
5431,16
5432,37
5433,74
5434,52
5435,51
5436,11
5437,58
5438,92
5439,60
5440,9
5441,7
5442,95
5443,71
5444,99
5445,89
5446,31
5447,73
5448,56
5449,42
5450,70
5451,1
5452,77
5453,42
5454,86
5455,19
5456,24
5457,8
5458,15
5459,60
5460,48
5461,37
5462,95
5463,22
5464,21
5465,12
5466,21
5467,42
5468,49
5469,13
5470,52
5471,74
5472,42
5473,20
5474,6
5475,75
5476,62
5477,87
5478,38
5479,73
5480,74
5481,65
5482,28
5483,75
5484,51
5485,47
5486,86
5487,79
5488,73
5489,38
5490,58
5491,73
5492,22
5493,88
5494,19
5495,41
5496,0
5497,38
5498,72
5499,96
5500,73
5501,51
5502,64
5503,87
5504,72
5505,39
5506,96
5507,91
5508,46
5509,76
5510,38
5511,32
5512,13
5513,80
5514,54
5515,14
5516,15
5517,84
5518,7
5519,31
5520,70
5521,84
5522,28
5523,27
5524,36
5525,19
5526,87
5527,16
5528,37
5529,6
5530,19
5531,87
5532,67
5533,81
5534,77
5535,98
5536,2
5537,68
5538,96
5539,18
5540,66
5541,75
5542,81
5543,65
5544,81
5545,9
5546,45
5547,76
5548,95
5549,32
5550,89
5551,69
5552,34
5553,71
5554,95
5555,28
5556,7
5557,81
5558,6
5559,24
5560,73
5561,60
5562,67
5563,52
5564,93
5565,94
5566,25
5567,23
5568,58
5569,8
5570,65
5571,85
5572,48
5573,82
5574,19
5575,79
5576,69
5577,64
5578,56
5579,8
5580,5
5581,76
5582,87
5583,27
5584,54
5585,67
5586,28
5587,84
5588,75
5589,18
5590,73
5591,80
5592,62
5593,41
5594,62
5595,66
5596,17
5597,76
5598,79
5599,36
5600,69
5601,97
5602,46
5603,20
5604,7
5605,55
5606,63
5607,53
5608,69
5609,37
5610,33
5611,49
5612,48
5613,63
5614,84
5615,31
5616,54
5617,28
5618,27
5619,34
5620,96
5621,4
5622,70
5623,35
5624,79
5625,61
5626,46
5627,51
5628,78
5629,56
5630,68
5631,91
5632,81
5633,39
5634,12
5635,37
5636,35
5637,81
5638,96
5639,14
5640,72
5641,23
5642,72
5643,94
5644,42
5645,47
5646,77
5647,20
5648,81
5649,84
5650,89
5651,96
5652,23
5653,45
5654,58
5655,69
5656,71
5657,60
5658,62
5659,33
5660,68
5661,52
5662,14
5663,85
5664,57
5665,77
5666,94
5667,73
5668,70
5669,59
5670,44
5671,74
5672,72
5673,72
5674,25
5675,0
5676,99
5677,24
5678,56
5679,0
5680,83
5681,55
5682,37
5683,20
5684,1
5685,11
5686,9
5687,16
5688,97
5689,80
5690,84
5691,48
5692,1
5693,59
5694,77
5695,49
5696,89
5697,36
5698,42
5699,20
5700,97
5701,67
5702,66
5703,71
5704,2
5705,29
5706,27
5707,50
5708,64
5709,79
5710,37
5711,6
5712,15
5713,83
5714,65
5715,58
5716,10
5717,4
5718,67
5719,31
5720,91
5721,71
5722,31
5723,33
5724,99
5725,54
5726,34
5727,53
5728,85
5729,99
5730,75
5731,0
5732,58
5733,86
5734,12
5735,1
5736,85
5737,66
5738,58
5739,26
5740,20
5741,5
5742,14
5743,68
5744,50
5745,98
5746,38
5747,3
5748,37
5749,17
5750,99
5751,72
5752,65
5753,1
5754,59
5755,73
5756,58
5757,58
5758,96
5759,72
5760,2
5761,32
5762,53
5763,90
5764,78
5765,29
5766,40
5767,4
5768,22
5769,36
5770,54
5771,23
5772,39
5773,99
5774,70
5775,88
5776,5
5777,39
5778,72
5779,43
5780,91
5781,43
5782,80
5783,74
5784,53
5785,33
5786,61
5787,79
5788,24
5789,70
5790,49
5791,30
5792,24
5793,25
5794,31
5795,23
5796,59
5797,46
5798,2
5799,20
5800,83
5801,27
5802,38
5803,30
5804,73
5805,55
5806,41
5807,0
5808,97
5809,92
5810,40
5811,5
5812,40
5813,81
5814,87
5815,1
5816,25
5817,81
5818,37
5819,87
5820,51
5821,9
5822,59
5823,54
5824,7
5825,94
5826,80
5827,49
5828,37
5829,65
5830,78
5831,89
5832,88
5833,34
5834,58
5835,44
5836,48
5837,56
5838,42
5839,41
5840,62
5841,67
5842,7
5843,8
5844,45
5845,16
5846,31
5847,1
5848,70
5849,28
5850,96
5851,73
5852,15
5853,13
5854,47
5855,8
5856,30
5857,17
5858,14
5859,44
5860,30
5861,82
5862,34
5863,57
5864,60
5865,16
5866,54
5867,7
5868,52
5869,34
5870,4
5871,86
5872,78
5873,42
5874,4
5875,71
5876,85
5877,8
5878,31
5879,28
5880,17
5881,62
5882,75
5883,44
5884,28
5885,0
5886,17
5887,26
5888,71
5889,34
5890,79
5891,99
5892,27
5893,13
5894,9
5895,41
5896,14
5897,35
5898,94
5899,41
5900,0
5901,31
5902,27
5903,32
5904,6
5905,42
5906,70
5907,73
5908,31
5909,67
5910,51
5911,97
5912,97
5913,0
5914,57
5915,15
5916,84
5917,53
5918,12
5919,52
5920,89
5921,84
5922,73
5923,15
5924,80
5925,96
5926,25
5927,76
5928,80
5929,79
5930,99
5931,83
5932,13
5933,36
5934,73
5935,73
5936,76
5937,81
5938,66
5939,69
5940,39
5941,60
5942,88
5943,32
5944,88
5945,15
5946,19
5947,64
5948,67
5949,78
5950,69
5951,76
5952,71
5953,68
5954,95
5955,66
5956,14
5957,24
5958,77
5959,22
5960,34
5961,67
5962,4
5963,15
5964,43
5965,60
5966,74
5967,54
5968,86
5969,8
5970,88
5971,11
5972,55
5973,91
5974,12
5975,70
5976,87
5977,37
5978,22
5979,74
5980,46
5981,40
5982,63
5983,84
5984,3
5985,13
5986,95
5987,5
5988,86
5989,12
5990,24
5991,61
5992,77
5993,9
5994,25
5995,20
5996,84
5997,49
5998,92
5999,63
6000,31
6001,18
6002,35
6003,23
6004,47
6005,37
6006,30
6007,88
6008,87
6009,44
6010,72
6011,17
6012,81
6013,76
6014,41
6015,39
6016,95
6017,30
6018,9
6019,67
6020,87
6021,78
6022,48
6023,98
6024,34
6025,9
6026,88
6027,21
6028,62
6029,72
6030,82
6031,76
6032,47
6033,73
6034,57
6035,92
6036,93
6037,15
6038,54
6039,88
6040,33
6041,66
6042,39
6043,54
6044,77
6045,51
6046,94
6047,62
6048,59
6049,70
6050,54
6051,16
6052,63
6053,14
6054,33
6055,42
6056,99
6057,16
6058,21
6059,28
6060,77
6061,34
6062,37
6063,89
6064,83
6065,57
6066,81
6067,7
6068,27
6069,28
6070,12
6071,28
6072,49
6073,29
6074,37
6075,90
6076,36
6077,51
6078,83
6079,10
6080,88
6081,12
6082,2
6083,17
6084,29
6085,64
6086,80
6087,29
6088,72
6089,9
6090,55
6091,38
6092,63
6093,7
6094,43
6095,53
6096,43
6097,99
6098,42
6099,0
6100,32
6101,90
6102,62
6103,42
6104,31
6105,80
6106,56
6107,23
6108,71
6109,7
6110,94
6111,63
6112,39
6113,21
6114,96
6115,63
6116,37
6117,39
6118,27
6119,31
6120,84
6121,24
6122,16
6123,44
6124,42
6125,47
6126,2
6127,14
6128,36
6129,99
6130,19
6131,39
6132,97
6133,6
6134,61
6135,65
6136,7
6137,52
6138,25
6139,61
6140,3
6141,20
6142,93
6143,36
6144,48
6145,39
6146,78
6147,74
6148,36
6149,12
6150,73
6151,31
6152,51
6153,80
6154,66
6155,6
6156,4
6157,97
6158,72
6159,25
6160,97
6161,87
6162,34
6163,34
6164,56
6165,86
6166,87
6167,70
6168,92
6169,94
6170,67
6171,74
6172,17
6173,40
6174,47
6175,84
6176,87
6177,34
6178,64
6179,49
6180,78
6181,68
6182,95
6183,96
6184,56
6185,84
6186,24
6187,39
6188,23
6189,76
6190,63
6191,87
6192,46
6193,40
6194,51
6195,51
6196,46
6197,57
6198,99
6199,53
6200,37
6201,26
6202,69
6203,27
6204,32
6205,95
6206,1
6207,14
6208,49
6209,37
6210,42
6211,13
6212,2
6213,5
6214,9
6215,51
6216,79
6217,9
6218,39
6219,22
6220,96
6221,6
6222,62
6223,19
6224,22
6225,91
6226,8
6227,36
6228,81
6229,38
6230,11
6231,73
6232,56
6233,20
6234,95
6235,68
6236,59
6237,94
6238,22
6239,9
6240,23
6241,11
6242,74
6243,27
6244,18
6245,20
6246,76
6247,98
6248,73
6249,47
6250,60
6251,54
6252,78
6253,0
6254,84
6255,31
6256,3
6257,29
6258,24
6259,71
6260,49
6261,60
6262,13
6263,57
6264,47
6265,84
6266,8
6267,86
6268,61
6269,86
6270,29
6271,56
6272,14
6273,98
6274,15
6275,60
6276,80
6277,7
6278,34
6279,48
6280,5
6281,97
6282,18
6283,71
6284,44
6285,27
6286,80
6287,67
6288,27
6289,5
6290,76
6291,84
6292,66
6293,42
6294,13
6295,52
6296,1
6297,39
6298,84
6299,86
6300,65
6301,2
6302,36
6303,31
6304,87
6305,38
6306,38
6307,32
6308,33
6309,6
6310,31
6311,72
6312,54
6313,6
6314,51
6315,71
6316,68
6317,29
6318,69
6319,56
6320,34
6321,36
6322,17
6323,87
6324,97
6325,63
6326,88
6327,10
6328,75
6329,9
6330,74
6331,86
6332,52
6333,52
6334,87
6335,66
6336,24
6337,69
6338,41
6339,13
6340,32
6341,25
6342,22
6343,48
6344,7
6345,23
6346,65
6347,2
6348,26
6349,95
6350,2
6351,54
6352,12
6353,21
6354,56
6355,93
6356,18
6357,46
6358,73
6359,59
6360,48
6361,24
6362,59
6363,75
6364,20
6365,79
6366,92
6367,47
6368,16
6369,63
6370,62
6371,77
6372,78
6373,93
6374,2
6375,18
6376,76
6377,27
6378,81
6379,89
6380,83
6381,60
6382,48
6383,13
6384,2
6385,73
6386,69
6387,21
6388,82
6389,39
6390,94
6391,42
6392,71
6393,75
6394,44
6395,42
6396,75
6397,57
6398,89
6399,67
6400,62
6401,63
6402,67
6403,81
6404,67
6405,49
6406,17
6407,76
6408,5
6409,88
6410,87
6411,13
6412,37
6413,94
6414,92
6415,0
6416,41
6417,51
6418,31
6419,39
6420,32
6421,60
6422,31
6423,84
6424,7
6425,68
6426,52
6427,15
6428,77
6429,54
6430,89
6431,40
6432,49
6433,27
6434,79
6435,86
6436,97
6437,72
6438,79
6439,36
6440,9
6441,66
6442,44
6443,47
6444,33
6445,79
6446,4
6447,21
6448,43
6449,48
6450,50
6451,20
6452,32
6453,78
6454,40
6455,42
6456,80
6457,16
6458,32
6459,1
6460,12
6461,99
6462,18
6463,6
6464,41
6465,46
6466,69
6467,18
6468,7
6469,97
6470,32
6471,30
6472,69
6473,48
6474,31
6475,15
6476,83
6477,5
6478,82
6479,47
6480,56
6481,88
6482,22
6483,28
6484,25
6485,72
6486,7
6487,69
6488,99
6489,95
6490,22
6491,20
6492,66
6493,45
6494,27
6495,29
6496,72
6497,91
6498,77
6499,43
6500,86
6501,49
6502,26
6503,84
6504,59
6505,53
6506,85
6507,9
6508,22
6509,29
6510,87
6511,11
6512,94
6513,55
6514,39
6515,24
6516,53
6517,12
6518,91
6519,57
6520,26
6521,88
6522,97
6523,93
6524,79
6525,77
6526,79
6527,42
6528,97
6529,90
6530,28
6531,28
6532,41
6533,65
6534,2
6535,20
6536,57
6537,91
6538,63
6539,45
6540,26
6541,24
6542,96
6543,39
6544,89
6545,34
6546,69
6547,48
6548,56
6549,18
6550,1
6551,62
6552,74
6553,8
6554,79
6555,80
6556,81
6557,12
6558,51
6559,87
6560,77
6561,66
6562,33
6563,60
6564,29
6565,66
6566,42
6567,31
6568,25
6569,49
6570,99
6571,24
6572,68
6573,4
6574,58
6575,8
6576,80
6577,34
6578,79
6579,78
6580,93
6581,21
6582,5
6583,64
6584,86
6585,98
6586,49
6587,54
6588,52
6589,30
6590,10
6591,20
6592,96
6593,69
6594,99
6595,93
6596,76
6597,28
6598,76
6599,31
6600,72
6601,45
6602,69
6603,46
6604,54
6605,8
6606,46
6607,52
6608,5
6609,36
6610,67
6611,2
6612,52
6613,73
6614,87
6615,92
6616,15
6617,35
6618,59
6619,87
6620,47
6621,60
6622,93
6623,5
6624,35
6625,18
6626,27
6627,24
6628,2
6629,17
6630,50
6631,80
6632,74
6633,41
6634,32
6635,71
6636,76
6637,44
6638,39
6639,55
6640,37
6641,62
6642,75
6643,96
6644,73
6645,41
6646,56
6647,82
6648,64
6649,93
6650,23
6651,35
6652,64
6653,89
6654,43
6655,20
6656,86
6657,61
6658,32
6659,18
6660,53
6661,60
6662,54
6663,83
6664,18
6665,32
6666,66
6667,87
6668,35
6669,98
6670,69
6671,28
6672,2
6673,10
6674,49
6675,21
6676,1
6677,1
6678,3
6679,31
6680,73
6681,39
6682,44
6683,54
6684,76
6685,17
6686,15
6687,82
6688,75
6689,61
6690,55
6691,90
6692,78
6693,34
6694,76
6695,12
6696,85
6697,45
6698,2
6699,75
6700,26
6701,1
6702,95
6703,90
6704,64
6705,80
6706,84
6707,73
6708,47
6709,11
6710,39
6711,39
6712,16
6713,8
6714,5
6715,27
6716,98
6717,71
6718,21
6719,9
6720,41
6721,80
6722,55
6723,75
6724,40
6725,37
6726,14
6727,30
6728,27
6729,51
6730,48
6731,65
6732,6
6733,84
6734,5
6735,1
6736,8
6737,14
6738,83
6739,23
6740,78
6741,47
6742,13
6743,13
6744,76
6745,78
6746,55
6747,69
6748,24
6749,76
6750,57
6751,78
6752,7
6753,66
6754,70
6755,92
6756,73
6757,4
6758,2
6759,10
6760,23
6761,35
6762,90
6763,51
6764,81
6765,38
6766,31
6767,80
6768,59
6769,69
6770,57
6771,19
6772,16
6773,52
6774,22
6775,94
6776,12
6777,39
6778,15
6779,93
6780,36
6781,23
6782,41
6783,94
6784,95
6785,17
6786,1
6787,92
6788,76
6789,65
6790,37
6791,81
6792,14
6793,65
6794,77
6795,22
6796,75
6797,24
6798,23
6799,8
6800,24
6801,83
6802,50
6803,51
6804,10
6805,35
6806,0
6807,89
6808,24
6809,94
6810,33
6811,66
6812,17
6813,10
6814,48
6815,27
6816,65
6817,74
6818,26
6819,35
6820,52
6821,70
6822,89
6823,94
6824,37
6825,83
6826,40
6827,0
6828,54
6829,96
6830,4
6831,99
6832,80
6833,54
6834,85
6835,59
6836,41
6837,58
6838,56
6839,62
6840,25
6841,14
6842,1
6843,82
6844,29
6845,1
6846,89
6847,70
6848,8
6849,19
6850,67
6851,77
6852,22
6853,31
6854,33
6855,10
6856,50
6857,83
6858,5
6859,25
6860,20
6861,25
6862,3
6863,84
6864,68
6865,8
6866,89
6867,69
6868,95
6869,43
6870,60
6871,87
6872,83
6873,12
6874,85
6875,2
6876,54
6877,45
6878,65
6879,4
6880,3
6881,68
6882,17
6883,98
6884,81
6885,37
6886,9
6887,99
6888,77
6889,84
6890,99
6891,28
6892,67
6893,32
6894,1
6895,36
6896,92
6897,70
6898,80
6899,9
6900,86
6901,91
6902,13
6903,85
6904,30
6905,87
6906,54
6907,25
6908,76
6909,34
6910,67
6911,84
6912,10
6913,15
6914,86
6915,42
6916,55
6917,38
6918,55
6919,22
6920,81
6921,17
6922,57
6923,34
6924,77
6925,77
6926,52
6927,54
6928,62
6929,12
6930,37
6931,53
6932,72
6933,18
6934,54
6935,36
6936,44
6937,84
6938,31
6939,62
6940,16
6941,65
6942,28
6943,20
6944,54
6945,96
6946,3
6947,41
6948,72
6949,83
6950,56
6951,88
6952,69
6953,71
6954,48
6955,12
6956,26
6957,60
6958,8
6959,40
6960,24
6961,90
6962,86
6963,76
6964,84
6965,51
6966,60
6967,97
6968,50
6969,77
6970,6
6971,8
6972,9
6973,52
6974,47
6975,53
6976,32
6977,63
6978,87
6979,54
6980,35
6981,12
6982,38
6983,52
6984,44
6985,51
6986,92
6987,8
6988,61
6989,75
6990,3
6991,65
6992,33
6993,92
6994,65
6995,22
6996,15
6997,6
6998,39
6999,44
7000,91
7001,91
7002,55
7003,7
7004,42
7005,89
7006,89
7007,53
7008,1
7009,73
7010,81
7011,55
7012,9
7013,25
7014,28
7015,80
7016,38
7017,82
7018,27
7019,6
7020,42
7021,36
7022,14
7023,18
7024,35
7025,54
7026,37
7027,5
7028,27
7029,99
7030,69
7031,68
7032,50
7033,86
7034,16
7035,62
7036,97
7037,55
7038,29
7039,71
7040,45
7041,53
7042,73
7043,5
7044,46
7045,5
7046,5
7047,1
7048,49
7049,14
7050,94
7051,12
7052,86
7053,95
7054,28
7055,29
7056,62
7057,74
7058,41
7059,35
7060,42
7061,46
7062,36
7063,20
7064,57
7065,14
7066,33
7067,40
7068,51
7069,52
7070,81
7071,95
7072,23
7073,42
7074,57
7075,50
7076,2
7077,9
7078,3
7079,21
7080,12
7081,73
7082,29
7083,81
7084,34
7085,30
7086,89
7087,22
7088,80
7089,87
7090,9
7091,79
7092,80
7093,22
7094,58
7095,24
7096,39
7097,1
7098,68
7099,62
7100,60
7101,6
7102,65
7103,23
7104,90
7105,9
7106,72
7107,17
7108,31
7109,48
7110,48
7111,5
7112,78
7113,75
7114,79
7115,44
7116,12
7117,83
7118,40
7119,58
7120,70
7121,85
7122,70
7123,94
7124,89
7125,86
7126,20
7127,80
7128,15
7129,41
7130,36
7131,13
7132,59
7133,90
7134,57
7135,55
7136,16
7137,84
7138,39
7139,83
7140,95
7141,4
7142,27
7143,26
7144,8
7145,68
7146,21
7147,31
7148,95
7149,85
7150,77
7151,95
7152,77
7153,96
7154,76
7155,29
7156,19
7157,19
7158,47
7159,20
7160,48
7161,61
7162,96
7163,35
7164,33
7165,69
7166,14
7167,69
7168,50
7169,66
7170,64
7171,5
7172,86
7173,90
7174,16
7175,90
7176,56
7177,79
7178,57
7179,36
7180,71
7181,14
7182,90
7183,1
7184,22
7185,1
7186,96
7187,62
7188,85
7189,74
7190,57
7191,39
7192,20
7193,38
7194,15
7195,40
7196,55
7197,62
7198,37
7199,1
7200,31
7201,47
7202,75
7203,62
7204,9
7205,27
7206,37
7207,81
7208,98
7209,48
7210,52
7211,8
7212,71
7213,7
7214,12
7215,60
7216,36
7217,49
7218,83
7219,0
7220,19
7221,87
7222,32
7223,25
7224,87
7225,50
7226,75
7227,58
7228,36
7229,42
7230,75
7231,46
7232,98
7233,7
7234,17
7235,65
7236,57
7237,45
7238,14
7239,90
7240,36
7241,30
7242,8
7243,38
7244,28
7245,99
7246,33
7247,32
7248,77
7249,8
7250,75
7251,78
7252,83
7253,76
7254,95
7255,77
7256,29
7257,89
7258,6
7259,89
7260,11
7261,54
7262,8
7263,27
7264,67
7265,28
7266,8
7267,69
7268,0
7269,1
7270,51
7271,90
7272,73
7273,88
7274,87
7275,86
7276,93
7277,24
7278,75
7279,30
7280,87
7281,8
7282,48
7283,33
7284,51
7285,16
7286,89
7287,83
7288,41
7289,48
7290,35
7291,26
7292,45
7293,31
7294,4
7295,26
7296,72
7297,51
7298,15
7299,19
7300,1
7301,72
7302,55
7303,87
7304,55
7305,15
7306,7
7307,36
7308,25
7309,73
7310,2
7311,12
7312,24
7313,83
7314,63
7315,29
7316,71
7317,88
7318,73
7319,5
7320,85
7321,74
7322,73
7323,54
7324,91
7325,21
7326,65
7327,36
7328,82
7329,73
7330,71
7331,61
7332,23
7333,29
7334,77
7335,40
7336,74
7337,25
7338,19
7339,93
7340,24
7341,28
7342,68
7343,75
7344,5
7345,10
7346,35
7347,41
7348,55
7349,96
7350,57
7351,51
7352,56
7353,34
7354,92
7355,25
7356,51
7357,19
7358,20
7359,36
7360,76
7361,70
7362,22
7363,68
7364,77
7365,83
7366,5
7367,42
7368,46
7369,22
7370,88
7371,67
7372,18
7373,34
7374,32
7375,97
7376,58
7377,29
7378,8
7379,32
7380,40
7381,29
7382,87
7383,84
7384,52
7385,86
7386,4
7387,26
7388,85
7389,58
7390,86
7391,37
7392,93
7393,52
7394,58
7395,80
7396,73
7397,58
7398,12
7399,71
7400,86
7401,53
7402,23
7403,88
7404,79
7405,40
7406,18
7407,42
7408,96
7409,1
7410,73
7411,42
7412,15
7413,79
7414,47
7415,16
7416,98
7417,42
7418,10
7419,56
7420,99
7421,83
7422,81
7423,9
7424,0
7425,88
7426,50
7427,42
7428,10
7429,32
7430,40
7431,28
7432,72
7433,74
7434,19
7435,6
7436,3
7437,94
7438,52
7439,86
7440,40
7441,58
7442,92
7443,84
7444,22
7445,15
7446,68
7447,66
7448,24
7449,32
7450,96
7451,60
7452,12
7453,53
7454,31
7455,2
7456,20
7457,62
7458,24
7459,16
7460,26
7461,90
7462,49
7463,6
7464,40
7465,22
7466,73
7467,14
7468,75
7469,94
7470,29
7471,8
7472,19
7473,73
7474,85
7475,45
7476,63
7477,85
7478,33
7479,23
7480,53
7481,46
7482,70
7483,26
7484,85
7485,78
7486,6
7487,16
7488,60
7489,8
7490,51
7491,3
7492,60
7493,81
7494,39
7495,93
7496,96
7497,79
7498,17
7499,16
7500,16
7501,79
7502,91
7503,43
7504,14
7505,92
7506,6
7507,8
7508,81
7509,85
7510,96
7511,27
7512,37
7513,64
7514,59
7515,45
7516,8
7517,84
7518,0
7519,76
7520,77
7521,15
7522,73
7523,54
7524,94
7525,79
7526,68
7527,63
7528,69
7529,93
7530,86
7531,41
7532,71
7533,86
7534,47
7535,20
7536,87
7537,68
7538,52
7539,29
7540,53
7541,55
7542,20
7543,87
7544,7
7545,9
7546,72
7547,45
7548,68
7549,29
7550,75
7551,12
7552,60
7553,81
7554,99
7555,1
7556,83
7557,69
7558,29
7559,27
7560,88
7561,65
7562,88
7563,89
7564,72
7565,71
7566,71
7567,13
7568,25
7569,48
7570,13
7571,16
7572,55
7573,74
7574,71
7575,63
7576,50
7577,15
7578,46
7579,32
7580,14
7581,87
7582,37
7583,37
7584,78
7585,24
7586,62
7587,35
7588,70
7589,10
7590,89
7591,83
7592,99
7593,53
7594,26
7595,74
7596,28
7597,37
7598,54
7599,39
7600,95
7601,18
7602,59
7603,24
7604,94
7605,7
7606,94
7607,94
7608,98
7609,80
7610,33
7611,52
7612,40
7613,97
7614,78
7615,63
7616,82
7617,36
7618,75
7619,45
7620,80
7621,80
7622,25
7623,85
7624,30
7625,74
7626,61
7627,95
7628,81
7629,92
7630,27
7631,52
7632,6
7633,78
7634,83
7635,75
7636,79
7637,87
7638,92
7639,4
7640,48
7641,42
7642,62
7643,90
7644,53
7645,18
7646,81
7647,19
7648,8
7649,68
7650,73
7651,3
7652,92
7653,92
7654,92
7655,0
7656,86
7657,45
7658,13
7659,86
7660,89
7661,13
7662,66
7663,65
7664,91
7665,66
7666,52
7667,86
7668,68
7669,64
7670,43
7671,46
7672,5
7673,66
7674,35
7675,50
7676,88
7677,14
7678,75
7679,53
7680,72
7681,5
7682,98
7683,14
7684,7
7685,76
7686,61
7687,7
7688,27
7689,26
7690,5
7691,37
7692,55
7693,48
7694,94
7695,78
7696,79
7697,8
7698,39
7699,23
7700,79
7701,31
7702,63
7703,71
7704,67
7705,45
7706,84
7707,2
7708,74
7709,49
7710,68
7711,91
7712,50
7713,80
7714,1
7715,25
7716,36
7717,55
7718,41
7719,47
7720,54
7721,87
7722,75
7723,75
7724,4
7725,49
7726,24
7727,19
7728,57
7729,5
7730,57
7731,83
7732,27
7733,10
7734,56
7735,42
7736,87
7737,22
7738,85
7739,39
7740,83
7741,17
7742,11
7743,51
7744,70
7745,70
7746,49
7747,70
7748,87
7749,12
7750,48
7751,25
7752,93
7753,36
7754,83
7755,83
7756,79
7757,46
7758,24
7759,78
7760,80
7761,2
7762,9
7763,75
7764,10
7765,32
7766,72
7767,44
7768,26
7769,73
7770,69
7771,0
7772,33
7773,1
7774,81
7775,74
7776,82
7777,24
7778,50
7779,16
7780,5
7781,39
7782,7
7783,63
7784,10
7785,51
7786,51
7787,77
7788,91
7789,64
7790,53
7791,30
7792,84
7793,71
7794,5
7795,78
7796,0
7797,84
7798,61
7799,17
7800,15
7801,80
7802,28
7803,50
7804,68
7805,15
7806,48
7807,73
7808,3
7809,8
7810,77
7811,43
7812,81
7813,18
7814,54
7815,96
7816,13
7817,55
7818,29
7819,87
7820,91
7821,99
7822,75
7823,12
7824,71
7825,70
7826,46
7827,52
7828,94
7829,89
7830,45
7831,85
7832,18
7833,34
7834,60
7835,40
7836,30
7837,59
7838,26
7839,74
7840,33
7841,80
7842,54
7843,99
7844,60
7845,76
7846,57
7847,33
7848,48
7849,77
7850,9
7851,90
7852,85
7853,80
7854,63
7855,53
7856,99
7857,94
7858,18
7859,43
7860,99
7861,70
7862,8
7863,89
7864,77
7865,51
7866,41
7867,17
7868,23
7869,53
7870,37
7871,48
7872,5
7873,34
7874,13
7875,4
7876,88
7877,4
7878,40
7879,91
7880,87
7881,33
7882,85
7883,87
7884,89
7885,5
7886,69
7887,83
7888,74
7889,81
7890,24
7891,55
7892,23
7893,76
7894,44
7895,36
7896,52
7897,65
7898,72
7899,29
7900,85
7901,84
7902,6
7903,64
7904,55
7905,58
7906,79
7907,16
7908,44
7909,92
7910,23
7911,72
7912,3
7913,86
7914,75
7915,91
7916,6
7917,22
7918,96
7919,76
7920,52
7921,90
7922,49
7923,22
7924,26
7925,45
7926,48
7927,26
7928,30
7929,11
7930,1
7931,23
7932,72
7933,87
7934,77
7935,80
7936,72
7937,27
7938,39
7939,99
7940,62
7941,53
7942,56
7943,80
7944,18
7945,84
7946,39
7947,8
7948,96
7949,8
7950,88
7951,83
7952,26
7953,30
7954,73
7955,2
7956,17
7957,87
7958,66
7959,80
7960,45
7961,41
7962,58
7963,99
7964,18
7965,84
7966,88
7967,91
7968,45
7969,18
7970,23
7971,29
7972,85
7973,80
7974,95
7975,16
7976,16
7977,23
7978,95
7979,45
7980,86
7981,57
7982,86
7983,32
7984,89
7985,87
7986,54
7987,34
7988,85
7989,82
7990,44
7991,82
7992,17
7993,27
7994,68
7995,12
7996,26
7997,91
7998,28
7999,75
8000,18
8001,1
8002,45
8003,39
8004,10
8005,37
8006,56
8007,1
8008,11
8009,0
8010,1
8011,1
8012,46
8013,1
8014,19
8015,88
8016,11
8017,45
8018,56
8019,57
8020,54
8021,99
8022,24
8023,37
8024,17
8025,53
8026,81
8027,18
8028,81
8029,6
8030,96
8031,89
8032,66
8033,79
8034,25
8035,60
8036,20
8037,93
8038,31
8039,37
8040,24
8041,32
8042,78
8043,17
8044,67
8045,0
8046,87
8047,26
8048,73
8049,78
8050,56
8051,78
8052,12
8053,70
8054,38
8055,44
8056,8
8057,80
8058,76
8059,32
8060,75
8061,53
8062,98
8063,63
8064,31
8065,8
8066,57
8067,33
8068,18
8069,35
8070,4
8071,94
8072,87
8073,65
8074,22
8075,16
8076,42
8077,84
8078,2
8079,55
8080,34
8081,55
8082,58
8083,84
8084,50
8085,13
8086,91
8087,84
8088,9
8089,8
8090,22
8091,75
8092,85
8093,70
8094,59
8095,24
8096,2
8097,59
8098,30
8099,62
8100,34
8101,42
8102,86
8103,49
8104,14
8105,80
8106,70
8107,32
8108,15
8109,34
8110,61
8111,69
8112,86
8113,91
8114,24
8115,43
8116,99
8117,51
8118,33
8119,98
8120,1
8121,84
8122,26
8123,61
8124,79
8125,91
8126,58
8127,72
8128,68
8129,60
8130,45
8131,0
8132,34
8133,54
8134,4
8135,83
8136,7
8137,49
8138,98
8139,28
8140,55
8141,89
8142,39
8143,50
8144,25
8145,84
8146,72
8147,68
8148,41
8149,31
8150,9
8151,93
8152,44
8153,79
8154,4
8155,77
8156,43
8157,40
8158,11
8159,11
8160,67
8161,44
8162,66
8163,60
8164,63
8165,87
8166,82
8167,29
8168,53
8169,89
8170,28
8171,55
8172,95
8173,69
8174,60
8175,76
8176,91
8177,4
8178,1
8179,63
8180,62
8181,15
8182,91
8183,41
8184,27
8185,74
8186,82
8187,43
8188,53
8189,21
8190,28
8191,48
8192,99
8193,36
8194,47
8195,61
8196,60
8197,73
8198,32
8199,89
8200,32
8201,31
8202,49
8203,92
8204,92
8205,6
8206,29
8207,76
8208,18
8209,20
8210,4
8211,57
8212,85
8213,80
8214,18
8215,49
8216,42
8217,95
8218,81
8219,89
8220,73
8221,60
8222,21
8223,92
8224,90
8225,87
8226,1
8227,79
8228,90
8229,75
8230,26
8231,19
8232,48
8233,39
8234,99
8235,86
8236,87
8237,99
8238,75
8239,36
8240,14
8241,51
8242,75
8243,92
8244,94
8245,61
8246,85
8247,38
8248,69
8249,1
8250,57
8251,30
8252,1
8253,98
8254,29
8255,7
8256,18
8257,48
8258,81
8259,91
8260,80
8261,25
8262,62
8263,31
8264,79
8265,72
8266,30
8267,61
8268,86
8269,47
8270,18
8271,55
8272,20
8273,6
8274,28
8275,75
8276,91
8277,81
8278,22
8279,93
8280,79
8281,5
8282,64
8283,69
8284,81
8285,33
8286,20
8287,69
8288,30
8289,6
8290,68
8291,92
8292,87
8293,74
8294,42
8295,80
8296,23
8297,60
8298,36
8299,75
8300,48
8301,83
8302,0
8303,70
8304,15
8305,44
8306,24
8307,19
8308,16
8309,9
8310,42
8311,41
8312,23
8313,19
8314,0
8315,92
8316,85
8317,9
8318,43
8319,79
8320,55
8321,75
8322,63
8323,38
8324,42
8325,24
8326,12
8327,0
8328,50
8329,89
8330,43
8331,26
8332,69
8333,85
8334,42
8335,22
8336,71
8337,98
8338,30
8339,40
8340,86
8341,0
8342,21
8343,32
8344,1
8345,55
8346,96
8347,43
8348,92
8349,64
8350,68
8351,81
8352,1
8353,5
8354,31
8355,35
8356,47
8357,68
8358,2
8359,44
8360,37
8361,61
8362,31
8363,18
8364,4
8365,83
8366,80
8367,93
8368,28
8369,87
8370,18
8371,41
8372,7
8373,49
8374,70
8375,11
8376,85
8377,91
8378,82
8379,27
8380,60
8381,93
8382,56
8383,58
8384,32
8385,34
8386,76
8387,39
8388,49
8389,25
8390,89
8391,85
8392,99
8393,87
8394,11
8395,44
8396,24
8397,53
8398,47
8399,6
8400,4
8401,27
8402,8
8403,6
8404,26
8405,34
8406,95
8407,42
8408,52
8409,66
8410,33
8411,87
8412,60
8413,46
8414,16
8415,33
8416,76
8417,41
8418,80
8419,48
8420,38
8421,17
8422,38
8423,93
8424,18
8425,74
8426,14
8427,60
8428,67
8429,31
8430,21
8431,18
8432,90
8433,54
8434,87
8435,86
8436,37
8437,47
8438,80
8439,5
8440,23
8441,93
8442,54
8443,62
8444,99
8445,97
8446,28
8447,89
8448,77
8449,56
8450,17
8451,45
8452,92
8453,39
8454,88
8455,58
8456,37
8457,32
8458,42
8459,71
8460,13
8461,71
8462,28
8463,80
8464,37
8465,21
8466,71
8467,66
8468,66
8469,87
8470,82
8471,84
8472,39
8473,88
8474,93
8475,82
8476,7
8477,69
8478,56
8479,28
8480,70
8481,18
8482,68
8483,52
8484,33
8485,26
8486,16
8487,62
8488,85
8489,68
8490,99
8491,88
8492,40
8493,68
8494,36
8495,23
8496,12
8497,84
8498,10
8499,45
8500,75
8501,22
8502,83
8503,48
8504,51
8505,59
8506,75
8507,51
8508,70
8509,37
8510,16
8511,90
8512,55
8513,88
8514,12
8515,38
8516,73
8517,79
8518,69
8519,58
8520,39
8521,39
8522,56
8523,17
8524,96
8525,77
8526,80
8527,87
8528,51
8529,31
8530,16
8531,94
8532,73
8533,76
8534,33
8535,74
8536,28
8537,53
8538,75
8539,31
8540,72
8541,71
8542,75
8543,59
8544,6
8545,43
8546,7
8547,5
8548,18
8549,6
8550,1
8551,80
8552,53
8553,66
8554,5
8555,47
8556,39
8557,47
8558,28
8559,24
8560,86
8561,54
8562,54
8563,88
8564,61
8565,87
8566,54
8567,24
8568,84
8569,85
8570,12
8571,13
8572,22
8573,86
8574,77
8575,79
8576,94
8577,26
8578,0
8579,39
8580,89
8581,82
8582,41
8583,5
8584,91
8585,73
8586,55
8587,82
8588,72
8589,98
8590,64
8591,36
8592,28
8593,34
8594,4
8595,70
8596,84
8597,79
8598,15
8599,24
8600,76
8601,98
8602,93
8603,79
8604,38
8605,52
8606,47
8607,32
8608,67
8609,13
8610,91
8611,70
8612,73
8613,60
8614,70
8615,35
8616,62
8617,37
8618,26
8619,6
8620,64
8621,62
8622,63
8623,68
8624,32
8625,42
8626,59
8627,48
8628,18
8629,63
8630,29
8631,57
8632,31
8633,68
8634,66
8635,22
8636,16
8637,59
8638,13
8639,39
8640,50
8641,79
8642,80
8643,53
8644,9
8645,44
8646,27
8647,33
8648,12
8649,1
8650,45
8651,32
8652,1
8653,84
8654,69
8655,90
8656,94
8657,33
8658,67
8659,68
8660,30
8661,8
8662,3
8663,84
8664,45
8665,1
8666,24
8667,35
8668,83
8669,63
8670,87
8671,53
8672,34
8673,27
8674,93
8675,79
8676,15
8677,93
8678,17
8679,42
8680,21
8681,19
8682,69
8683,96
8684,5
8685,71
8686,85
8687,4
8688,1
8689,82
8690,84
8691,31
8692,18
8693,13
8694,19
8695,88
8696,23
8697,85
8698,18
8699,83
8700,31
8701,51
8702,80
8703,23
8704,29
8705,61
8706,5
8707,63
8708,99
8709,28
8710,19
8711,31
8712,34
8713,97
8714,78
8715,36
8716,91
8717,37
8718,50
8719,76
8720,28
8721,29
8722,28
8723,53
8724,83
8725,83
8726,53
8727,67
8728,7
8729,59
8730,82
8731,34
8732,15
8733,68
8734,68
8735,15
8736,82
8737,75
8738,81
8739,8
8740,94
8741,76
8742,24
8743,21
8744,8
8745,47
8746,53
8747,69
8748,80
8749,13
8750,27
8751,32
8752,96
8753,20
8754,29
8755,50
8756,69
8757,87
8758,26
8759,84
8760,60
8761,91
8762,77
8763,48
8764,71
8765,53
8766,94
8767,0
8768,72
8769,18
8770,69
8771,95
8772,74
8773,84
8774,43
8775,22
8776,21
8777,95
8778,88
8779,61
8780,15
8781,69
8782,1
8783,56
8784,76
8785,82
8786,25
8787,27
8788,34
8789,47
8790,79
8791,70
8792,46
8793,42
8794,96
8795,87
8796,68
8797,42
8798,76
8799,50
8800,51
8801,6
8802,0
8803,2
8804,84
8805,79
8806,57
8807,71
8808,24
8809,28
8810,60
8811,73
8812,9
8813,75
8814,5
8815,72
8816,6
8817,32
8818,31
8819,83
8820,4
8821,93
8822,87
8823,52
8824,48
8825,27
8826,85
8827,30
8828,14
8829,51
8830,79
8831,31
8832,99
8833,16
8834,43
8835,18
8836,27
8837,97
8838,45
8839,80
8840,24
8841,57
8842,43
8843,78
8844,49
8845,79
8846,95
8847,93
8848,27
8849,71
8850,64
8851,86
8852,64
8853,35
8854,64
8855,83
8856,55
8857,37
8858,54
8859,21
8860,32
8861,57
8862,99
8863,35
8864,6
8865,16
8866,82
8867,82
8868,94
8869,95
8870,80
8871,16
8872,77
8873,59
8874,67
8875,15
8876,69
8877,54
8878,78
8879,32
8880,62
8881,82
8882,36
8883,87
8884,31
8885,47
8886,75
8887,22
8888,29
8889,94
8890,27
8891,84
8892,25
8893,12
8894,24
8895,29
8896,37
8897,19
8898,65
8899,40
8900,82
8901,9
8902,95
8903,53
8904,42
8905,3
8906,81
8907,69
8908,99
8909,5
8910,28
8911,71
8912,31
8913,56
8914,73
8915,13
8916,32
8917,47
8918,97
8919,83
8920,81
8921,33
8922,71
8923,45
8924,92
8925,53
8926,69
8927,95
8928,45
8929,48
8930,94
8931,57
8932,40
8933,60
8934,72
8935,98
8936,72
8937,52
8938,30
8939,83
8940,80
8941,83
8942,89
8943,71
8944,68
8945,96
8946,46
8947,68
8948,35
8949,30
8950,83
8951,52
8952,2
8953,58
8954,77
8955,96
8956,86
8957,1
8958,13
8959,87
8960,97
8961,14
8962,65
8963,18
8964,31
8965,99
8966,48
8967,63
8968,6
8969,38
8970,81
8971,99
8972,16
8973,88
8974,57
8975,88
8976,10
8977,38
8978,73
8979,47
8980,53
8981,48
8982,7
8983,56
8984,78
8985,82
8986,89
8987,93
8988,5
8989,17
8990,75
8991,69
8992,81
8993,90
8994,39
8995,0
8996,89
8997,34
8998,67
8999,99
9000,28
9001,98
9002,88
9003,20
9004,4
9005,18
9006,71
9007,78
9008,69
9009,14
9010,86
9011,6
9012,45
9013,86
9014,15
9015,37
9016,44
9017,48
9018,57
9019,10
9020,73
9021,80
9022,38
9023,91
9024,21
9025,52
9026,11
9027,16
9028,84
9029,30
9030,89
9031,30
9032,54
9033,3
9034,2
9035,12
9036,77
9037,74
9038,91
9039,89
9040,19
9041,54
9042,4
9043,68
9044,98
9045,91
9046,93
9047,41
9048,40
9049,71
9050,51
9051,27
9052,9
9053,82
9054,93
9055,76
9056,20
9057,60
9058,42
9059,94
9060,72
9061,4
9062,18
9063,22
9064,99
9065,36
9066,88
9067,14
9068,72
9069,68
9070,6
9071,62
9072,40
9073,79
9074,58
9075,67
9076,63
9077,23
9078,33
9079,80
9080,39
9081,58
9082,1
9083,83
9084,23
9085,19
9086,56
9087,20
9088,57
9089,20
9090,73
9091,59
9092,75
9093,27
9094,40
9095,80
9096,99
9097,83
9098,56
9099,47
9100,83
9101,52
9102,57
9103,40
9104,77
9105,33
9106,23
9107,9
9108,5
9109,43
9110,3
9111,80
9112,80
9113,19
9114,95
9115,79
9116,24
9117,12
9118,4
9119,61
9120,18
9121,93
9122,99
9123,82
9124,86
9125,51
9126,81
9127,17
9128,22
9129,47
9130,28
9131,12
9132,70
9133,95
9134,63
9135,60
9136,12
9137,2
9138,77
9139,84
9140,80
9141,28
9142,19
9143,20
9144,19
9145,32
9146,70
9147,62
9148,34
9149,87
9150,67
9151,11
9152,32
9153,39
9154,96
9155,90
9156,16
9157,33
9158,21
9159,24
9160,71
9161,75
9162,19
9163,41
9164,23
9165,68
9166,1
9167,81
9168,61
9169,90
9170,21
9171,57
9172,61
9173,87
9174,82
9175,12
9176,80
9177,10
9178,29
9179,14
9180,84
9181,41
9182,64
9183,76
9184,85
9185,91
9186,94
9187,29
9188,79
9189,19
9190,72
9191,13
9192,18
9193,51
9194,18
9195,34
9196,84
9197,6
9198,40
9199,49
9200,0
9201,55
9202,91
9203,89
9204,79
9205,48
9206,45
9207,54
9208,69
9209,82
9210,68
9211,56
9212,86
9213,32
9214,81
9215,30
9216,71
9217,28
9218,8
9219,60
9220,79
9221,0
9222,73
9223,80
9224,2
9225,29
9226,2
9227,32
9228,54
9229,61
9230,69
9231,34
9232,89
9233,55
9234,44
9235,85
9236,8
9237,76
9238,42
9239,91
9240,90
9241,34
9242,71
9243,43
9244,57
9245,84
9246,49
9247,90
9248,74
9249,71
9250,44
9251,76
9252,13
9253,8
9254,92
9255,12
9256,18
9257,7
9258,73
9259,90
9260,74
9261,42
9262,39
9263,45
9264,34
9265,55
9266,43
9267,50
9268,16
9269,7
9270,94
9271,73
9272,91
9273,92
9274,62
9275,21
9276,86
9277,68
9278,11
9279,5
9280,35
9281,91
9282,75
9283,75
9284,26
9285,66
9286,63
9287,17
9288,89
9289,70
9290,19
9291,50
9292,63
9293,73
9294,83
9295,64
9296,35
9297,83
9298,17
9299,98
9300,99
9301,22
9302,56
9303,1
9304,5
9305,14
9306,68
9307,94
9308,67
9309,85
9310,41
9311,52
9312,54
9313,85
9314,43
9315,82
9316,12
9317,30
9318,42
9319,33
9320,47
9321,48
9322,1
9323,6
9324,99
9325,64
9326,29
9327,85
9328,91
9329,27
9330,54
9331,25
9332,7
9333,2
9334,94
9335,93
9336,59
9337,2
9338,54
9339,4
9340,56
9341,75
9342,52
9343,76
9344,20
9345,48
9346,22
9347,9
9348,81
9349,33
9350,5
9351,3
9352,36
9353,88
9354,9
9355,18
9356,6
9357,69
9358,97
9359,38
9360,6
9361,75
9362,15
9363,29
9364,11
9365,20
9366,71
9367,14
9368,87
9369,42
9370,64
9371,83
9372,10
9373,74
9374,74
9375,95
9376,75
9377,58
9378,9
9379,37
9380,12
9381,1
9382,96
9383,79
9384,77
9385,62
9386,81
9387,1
9388,58
9389,56
9390,10
9391,99
9392,56
9393,21
9394,60
9395,57
9396,82
9397,61
9398,77
9399,52
9400,65
9401,72
9402,91
9403,18
9404,69
9405,44
9406,42
9407,12
9408,21
9409,20
9410,38
9411,52
9412,15
9413,99
9414,77
9415,63
9416,52
9417,15
9418,31
9419,14
9420,28
9421,39
9422,30
9423,99
9424,24
9425,59
9426,15
9427,52
9428,9
9429,58
9430,91
9431,82
9432,4
9433,96
9434,93
9435,83
9436,32
9437,21
9438,17
9439,85
9440,97
9441,44
9442,1
9443,92
9444,22
9445,15
9446,78
9447,13
9448,32
9449,53
9450,78
9451,47
9452,84
9453,34
9454,81
9455,14
9456,77
9457,67
9458,90
9459,64
9460,45
9461,93
9462,46
9463,79
9464,8
9465,87
9466,80
9467,87
9468,26
9469,41
9470,70
9471,26
9472,3
9473,15
9474,89
9475,2
9476,85
9477,36
9478,86
9479,21
9480,94
9481,71
9482,57
9483,27
9484,63
9485,1
9486,16
9487,10
9488,72
9489,61
9490,88
9491,25
9492,93
9493,83
9494,38
9495,75
9496,77
9497,26
9498,44
9499,23
9500,12
9501,28
9502,84
9503,45
9504,81
9505,26
9506,87
9507,55
9508,93
9509,14
9510,52
9511,31
9512,45
9513,85
9514,49
9515,71
9516,5
9517,67
9518,81
9519,11
9520,54
9521,73
9522,17
9523,21
9524,1
9525,77
9526,21
9527,28
9528,24
9529,91
9530,12
9531,66
9532,82
9533,22
9534,5
9535,75
9536,25
9537,1
9538,42
9539,51
9540,73
9541,96
9542,81
9543,63
9544,53
9545,23
9546,87
9547,86
9548,42
9549,71
9550,29
9551,75
9552,35
9553,45
9554,79
9555,16
9556,8
9557,7
9558,22
9559,85
9560,87
9561,18
9562,65
9563,62
9564,49
9565,70
9566,57
9567,63
9568,78
9569,99
9570,91
9571,23
9572,13
9573,72
9574,6
9575,42
9576,75
9577,30
9578,72
9579,35
9580,5
9581,41
9582,2
9583,85
9584,85
9585,43
9586,40
9587,97
9588,53
9589,1
9590,97
9591,72
9592,61
9593,20
9594,10
9595,57
9596,25
9597,71
9598,75
9599,68
9600,40
9601,49
9602,67
9603,87
9604,16
9605,41
9606,45
9607,93
9608,79
9609,91
9610,62
9611,25
9612,63
9613,43
9614,85
9615,8
9616,61
9617,84
9618,24
9619,80
9620,58
9621,56
9622,7
9623,67
9624,99
9625,11
9626,76
9627,50
9628,30
9629,53
9630,24
9631,89
9632,84
9633,70
9634,94
9635,5
9636,58
9637,28
9638,95
9639,62
9640,98
9641,23
9642,78
9643,96
9644,99
9645,32
9646,8
9647,15
9648,95
9649,80
9650,74
9651,60
9652,14
9653,23
9654,8
9655,16
9656,57
9657,94
9658,73
9659,45
9660,43
9661,92
9662,90
9663,19
9664,23
9665,31
9666,65
9667,96
9668,95
9669,2
9670,99
9671,86
9672,98
9673,48
9674,11
9675,52
9676,89
9677,39
9678,85
9679,63
9680,97
9681,82
9682,27
9683,73
9684,15
9685,37
9686,34
9687,47
9688,52
9689,69
9690,53
9691,45
9692,33
9693,83
9694,3
9695,81
9696,87
9697,40
9698,53
9699,68
9700,59
9701,4
9702,33
9703,48
9704,48
9705,79
9706,12
9707,55
9708,89
9709,46
9710,78
9711,82
9712,96
9713,31
9714,15
9715,47
9716,9
9717,73
9718,69
9719,36
9720,26
9721,51
9722,95
9723,16
9724,10
9725,70
9726,69
9727,32
9728,77
9729,81
9730,80
9731,7
9732,85
9733,46
9734,94
9735,24
9736,22
9737,53
9738,33
9739,96
9740,77
9741,7
9742,14
9743,15
9744,99
9745,31
9746,41
9747,66
9748,97
9749,27
9750,45
9751,55
9752,90
9753,5
9754,33
9755,9
9756,32
9757,33
9758,28
9759,11
9760,79
9761,56
9762,65
9763,46
9764,86
9765,23
9766,39
9767,5
9768,1
9769,51
9770,87
9771,52
9772,42
9773,56
9774,46
9775,82
9776,78
9777,21
9778,1
9779,45
9780,34
9781,18
9782,73
9783,64
9784,5
9785,96
9786,71
9787,72
9788,40
9789,36
9790,97
9791,28
9792,93
9793,49
9794,62
9795,99
9796,31
9797,59
9798,18
9799,81
9800,91
9801,81
9802,87
9803,3
9804,80
9805,72
9806,86
9807,48
9808,17
9809,12
9810,88
9811,21
9812,24
9813,63
9814,40
9815,58
9816,35
9817,85
9818,80
9819,76
9820,32
9821,59
9822,49
9823,95
9824,60
9825,79
9826,51
9827,66
9828,87
9829,38
9830,31
9831,53
9832,98
9833,48
9834,24
9835,25
9836,19
9837,72
9838,2
9839,46
9840,78
9841,24
9842,34
9843,35
9844,45
9845,44
9846,27
9847,51
9848,91
9849,0
9850,3
9851,15
9852,16
9853,4
9854,60
9855,90
9856,86
9857,13
9858,89
9859,73
9860,99
9861,93
9862,57
9863,82
9864,2
9865,70
9866,69
9867,69
9868,91
9869,56
9870,18
9871,19
9872,0
9873,86
9874,40
9875,24
9876,6
9877,80
9878,85
9879,73
9880,13
9881,75
9882,41
9883,55
9884,83
9885,44
9886,97
9887,35
9888,83
9889,37
9890,99
9891,83
9892,28
9893,32
9894,24
9895,71
9896,95
9897,62
9898,2
9899,36
9900,52
9901,99
9902,27
9903,85
9904,0
9905,23
9906,64
9907,13
9908,0
9909,31
9910,86
9911,51
9912,72
9913,73
9914,96
9915,27
9916,89
9917,77
9918,89
9919,69
9920,82
9921,21
9922,89
9923,68
9924,68
9925,76
9926,31
9927,58
9928,8
9929,9
9930,89
9931,30
9932,78
9933,88
9934,47
9935,95
9936,72
9937,12
9938,92
9939,48
9940,82
9941,32
9942,85
9943,70
9944,50
9945,33
9946,30
9947,4
9948,31
9949,80
9950,56
9951,42
9952,18
9953,27
9954,95
9955,51
9956,1
9957,88
9958,28
9959,73
9960,79
9961,33
9962,14
9963,86
9964,31
9965,97
9966,78
9967,3
9968,14
9969,89
9970,14
9971,84
9972,10
9973,49
9974,41
9975,18
9976,65
9977,83
9978,19
9979,27
9980,30
9981,52
9982,74
9983,80
9984,59
9985,90
9986,79
9987,77
9988,32
9989,42
9990,75
9991,93
9992,92
9993,30
9994,3
9995,83
9996,74
9997,51
9998,42
9999,70
